-3.405689404029544676e+01
7.504317258524679346e+00
1.393257752156932838e+01
5.777995652162644546e+00
1.569322574527905090e+01
2.274849488429026678e+00
1.169689239470790199e+01
2.453621296837809496e+00
-3.592829709610668942e+01
-4.061972046689334093e+01
2.291789831986534409e+00
1.185457572339510079e+01
5.372943444770498900e+00
1.778518866805825382e+01
2.067032477116299560e+00
1.180964727382524870e+01
2.811367117985355435e+00
-3.948126267995394301e+01
-3.950544492737390101e+01
4.362483568929746980e+00
1.533529084845213220e+01
2.677564652563887648e+00
1.864568258579754456e+01
3.165905266316258349e+00
1.416365138450350969e+01
4.188975536162615754e+00
-3.966781522368546575e+01
-4.154712839291460114e+01
-5.394159677343850490e-01
1.308351978623250034e+01
-1.312940031195466872e+00
1.768367180455425114e+01
9.065248506594798528e-01
1.340231374512859475e+01
1.024519814280210994e+00
-3.961660645312440465e+01
-3.370678890565886832e+01
6.352600516533129849e+00
1.089707544904376846e+01
6.388586164095613640e+00
2.414403874959680252e+01
4.343021882748871576e+00
1.050175639760163904e+01
3.392244135637156432e+00
-3.488567349980166910e+01
-3.147882777753693517e+01
1.791193043638486415e+00
4.369889971625525504e+00
6.078629412354757733e+00
2.355271298030856997e+01
5.464916144737799186e+00
6.017079163721064106e+00
-5.266195562609937042e+00
-3.372727060524630360e+01
-3.845132616281262017e+01
3.102809130243258551e+00
1.019328943679829536e+01
4.939176185489486670e+00
2.517355892701152698e+01
3.147072517439823969e+00
1.474392622212144488e+01
3.738234222557366593e+00
-3.769670687618418015e+01
-4.062192375826998614e+01
-3.356023873428057414e+00
3.031991135552743799e+00
1.135243351269309642e+00
2.296703366025212745e+01
-6.342490894903676235e-01
5.736345634735698695e+00
-5.463593658132595010e+00
-3.993048403126522317e+01
-2.726807955518233939e+01
-5.673676851718482794e+00
4.085368589221616276e+00
5.161027912283316255e+00
2.696422374178655446e+01
2.985455835389075219e+00
9.857589993389410665e-01
-9.897235442345845513e+00
-3.081467029980194638e+01
-2.821072554462080006e+01
-7.696471135248430073e+00
1.529127013796824031e+00
3.883815340843284503e+00
2.975811819947557524e+01
4.951274664659649716e+00
1.790382175036938861e+00
-1.361616421528560750e+01
-2.970655821957188891e+01
-3.560872438753358438e+01
-8.130140274617588148e+00
1.749705454276409000e+00
1.980482719722203910e+00
2.782642934312752914e+01
1.717967594544461463e+00
-1.450447713705216302e-02
-9.705871153018961195e+00
-3.628472094806147652e+01
-3.175128243905055569e+01
-7.109471839044999797e+00
1.078232677871710621e+00
1.585690730214992072e+00
3.143601985531677201e+01
4.913739255931432126e+00
-7.646245760442980099e-01
-1.511482425279427844e+01
-3.319425126146234106e+01
-2.580757564352461486e+01
-7.779241678370453883e+00
1.664247886423254386e+00
4.750118965408546501e+00
2.834189557365607470e+01
2.273480587922676932e+00
-2.681807333116012160e+00
-1.442070699993200833e+01
-2.883313233978697099e+01
-1.811288395839073928e+01
-8.842954020001343451e-01
9.553192767156360787e+00
1.476734697688516462e+01
3.490590672928374261e+01
1.018499927863012999e+01
-1.625076704804087058e-01
-1.243445310374954715e+01
-2.396810350942541845e+01
-3.126260053303667519e+01
-1.225217864187288797e+01
-1.532015980439609848e+00
9.115252359424630413e-01
2.505736847378284438e+01
1.225504508463927777e+00
-2.789143260786659084e+00
-1.715060034955968149e+01
-2.967781120632207603e+01
-3.008033338005770929e+01
-1.228911051549221156e+01
1.891667619736836059e+00
1.375123857732978649e+01
3.625163485904340632e+01
1.089844090376573149e+01
2.593309076335572172e+00
-1.452059369172638981e+01
-2.977440958359511569e+01
-2.107115099001384806e+01
-4.971472773826462799e+00
5.246647203923203051e+00
9.957966530309931841e+00
3.249400736973620951e+01
8.153321152596618049e+00
-5.042644935718271881e+00
-1.835576109147950774e+01
-2.530566372302882883e+01
-1.530073567799263401e+01
2.906722061996788398e+00
1.629815072091878392e+01
2.302303617577126715e+01
4.033868305417126976e+01
2.188839200080110459e+01
9.630106267868541181e+00
-1.117668387586309109e+01
-1.940020853752503172e+01
-4.398978451990842586e+01
-2.453118945060487022e+01
-4.681455838057445362e+00
9.722193577797042963e+00
3.398124272976906468e+01
9.624803357084601885e+00
-3.609399655695597176e+00
-2.319223783568668296e+01
-4.388705064859095728e+01
-4.109919622187226196e+01
-1.879942390411451925e+01
1.148892262065783143e+01
2.524366305183502845e+01
4.224846319065318312e+01
2.120601470177643932e+01
1.227947479331487557e+01
-1.619601114268880337e+01
-3.814799411934654927e+01
-2.329401933928602375e+01
-2.996905124377008178e+00
1.286687910962791648e+01
1.768115694154585071e+01
2.838736551883630455e+01
1.586747448437381536e+01
1.014465591935459088e+01
-1.342830510271232924e+01
-2.963636511508866533e+01
-2.034514439559097809e+01
6.517923449355293997e+00
2.282690309702593368e+01
2.762498407769453479e+01
3.705428367387503386e+01
2.541580480691482080e+01
1.909477122654061532e+01
-4.368578939785948023e+00
-2.384824131357163424e+01
-5.630637360972468741e+01
-2.368806782700266922e+01
1.134809507532918360e+01
2.190367456068452157e+01
3.303933924872035277e+01
1.609796056188497460e+01
1.014033559076779056e+01
-2.150903234488214366e+01
-4.883390292072726879e+01
-5.066920810906958650e+01
-1.498161131115921307e+01
1.571423278794827638e+01
2.985837500535126310e+01
4.602257856347569032e+01
2.803479173983942019e+01
1.693992531251569744e+01
-1.864659536295221187e+01
-4.906285103473783238e+01
-2.129446867007436595e+01
3.570769209036370739e+00
1.496714754910499323e+01
1.884331811624360853e+01
3.433351808719453402e+01
2.140038040684885345e+01
1.398086221308039967e+01
-8.337105146420071833e+00
-2.900266627483506454e+01
-1.526134388192804181e+01
7.609616244022618048e+00
1.854517129624218796e+01
1.855836131131945876e+01
3.588763929466949776e+01
2.142473122798401164e+01
1.849701003321388271e+01
-4.651477646373677999e+00
-1.991417600983913871e+01
-4.853906585700678988e+01
-1.747049010840419214e+01
4.877397653988737147e+00
2.036868739764031488e+01
3.979838841327728005e+01
2.214143323118696571e+01
8.048563015984655067e+00
-2.263665089558344334e+01
-5.130221437769796466e+01
-3.994792270570815163e+01
-1.044564607658003297e+01
1.177332468421082012e+01
2.246121731848688796e+01
3.890970058064522163e+01
2.276959080367578281e+01
1.273848554417963896e+01
-1.757502106841729983e+01
-4.428519883260105416e+01
-1.496214348633748159e+01
2.834394651963521028e+00
1.510035867869373760e+01
1.071271117292053532e+01
2.422631331090815365e+01
1.218890643107624783e+01
1.342903048811422195e+01
-5.887495632163336268e+00
-2.130177296900365036e+01
-1.009757459897082299e+01
6.912153808298171498e+00
2.156636536080623046e+01
2.327541415997325203e+01
2.778755192243261263e+01
2.203756653824484602e+01
2.330660753359552473e+01
4.234564436657819897e+00
-1.274044511700594740e+01
-4.295934632160788169e+01
-1.227214672330592293e+01
8.166867301046295324e+00
1.330828617848237627e+01
2.772605570922132756e+01
9.842099843313917518e+00
1.174845125577121507e+00
-2.238424437773119280e+01
-4.318266777214739705e+01
-3.067861822423583362e+01
-3.835824132060224656e+00
1.471551354169787373e+01
1.853977926702646073e+01
2.872733775625965791e+01
1.590029579243855551e+01
6.561881000598077662e+00
-1.368683466466609389e+01
-3.341820191213992075e+01
-1.312437529179442208e+01
-1.261204466136405244e-01
8.771492658401257358e+00
5.570686591303456225e+00
1.207509514316916466e+01
9.805985071936447639e+00
1.573040537035558373e+01
1.600721123038510996e+00
-1.235406769305700436e+01
-5.485502734720284934e+00
4.155809276111540385e+00
1.200933629155042581e+01
1.469121113947767299e+01
2.113120954995974898e+01
1.764432066184599535e+01
2.028884670873321738e+01
9.603265952689980622e+00
-1.923095971044858743e+00
-3.184960893392235448e+01
-1.027115632144159463e+01
3.726353459431265946e+00
5.032083148100355174e+00
1.614461931990808807e+01
9.017689963606244419e+00
6.747160161896317732e+00
-1.354162982270645443e+01
-3.157706130328369909e+01
-1.981533258473427850e+01
-4.042610159289324656e+00
8.168905960570555180e+00
1.622442962597415317e+01
2.345120054227299988e+01
2.382149351585394470e+01
2.242266789634595625e+01
2.941095823512114293e+00
-1.481443420561481616e+01
-1.238460791006582440e+01
-1.850048306689132005e+00
6.266602392912318464e+00
1.172616344625384954e+01
1.576444852235727012e+01
9.450436480332427891e+00
1.166796976129262475e+01
1.222778637049486861e+00
-9.300890644099126803e+00
-1.109251754511569743e+01
2.221330737731477711e+00
1.149530988655169494e+01
1.592031792018678971e+01
1.989538267452735454e+01
1.386175004826952772e+01
1.628037031988787930e+01
3.800534661990241148e+00
-8.793468611335811147e+00
-2.120252364266070799e+01
-3.176783387752948329e+00
4.933704622497316450e+00
8.348531866125995293e+00
1.344879454619876924e+01
1.383573231313494034e+01
1.226785396441118792e+01
-1.743131444702157751e+00
-1.658991442869591992e+01
-1.276842949900674284e+01
4.207757455005776137e-01
1.074160816422954667e+01
1.231553641179925762e+01
1.845104330574395135e+01
1.566084991230309242e+01
1.694157670350978151e+01
3.475234587895101868e+00
-1.071521488869962013e+01
-1.278245885032083606e+01
-5.778601901838555932e-01
7.420906913424914819e+00
8.265328274806961417e+00
1.226999011088628322e+01
9.616084303961542901e+00
1.458337051570924814e+01
2.918612905996269546e+00
-8.889188689085131045e+00
-1.171885188310989179e+01
6.001261739584151655e-02
9.478011014667572454e+00
7.135811127787746955e+00
1.191849206911865622e+01
9.603545439691515639e+00
1.538057056911929976e+01
3.788372205330233555e+00
-5.054446877167265484e+00
-1.221617634554786491e+01
-2.254824499536425719e+00
5.386882286114996532e+00
4.046556754416087642e+00
1.165753392664009880e+01
9.770866627019131556e+00
1.309623265470145270e+01
3.998573471704730764e+00
-7.815605833009612979e+00
-1.025366597684478620e+01
7.867878833931172267e-01
8.619704570970498025e+00
3.678730829386040568e+00
1.220476212058565579e+01
1.006400698158540763e+01
1.320478854581961059e+01
3.459827926999423653e+00
-6.457600712619750993e+00
-4.467281313915009378e+00
1.987479657884250628e+00
7.886148906662128866e+00
7.216919643542496487e-01
5.821796907694078982e+00
3.408738645724952221e+00
1.310707115659170086e+01
5.378988445314462297e+00
3.734944804818951525e-02
5.978633149953111570e+00
6.433681559205069789e+00
9.974376864644000307e+00
-2.454376690482604317e+00
2.113591853994876146e+00
-2.176341816990316147e+00
1.266088967003452126e+01
8.091815099811356049e+00
5.489135123210871825e+00
-3.523475854720345524e+00
3.509733916682307608e+00
9.012923386093461886e+00
-8.028688572812825441e-01
7.160902469680877402e+00
2.167034600453916937e+00
1.027683483425062150e+01
4.738074229768244550e+00
5.062660419062012807e-01
4.367218374107324053e+00
8.314882502054388169e+00
7.859225774358492345e+00
-6.028105186240281910e+00
1.795059403200866655e+00
-3.061295163206523284e+00
1.093089844711357728e+01
6.221551707531034481e+00
3.361634576552205544e+00
1.417839735178813498e+01
9.298763702987344004e+00
1.003058998634355703e+01
-2.724059349275194108e+00
-5.791036322945728898e+00
-6.075369259313447401e+00
8.508861972273734864e+00
8.221353959326734184e+00
1.076013243891065940e+01
2.450219559199831565e+01
1.556379906421352644e+01
6.158734727749106241e+00
-1.367769930027861847e+01
-1.308424173225648701e+01
-1.090713385107665090e+01
9.683013952882902231e+00
1.731217711332283216e+01
2.524295390265251626e+01
1.125071028164165909e+01
8.812510802505130414e+00
6.503275143229984678e+00
-1.092290162516292185e+01
-1.041777224498218857e+01
-1.178127504736767150e+01
2.882816722936695442e+00
3.732401967925397912e+00
9.213119748526423791e+00
2.597938782718529183e+01
1.694250434089190094e+01
1.535832498033414595e+00
-2.174905429994396400e+01
-1.920848128455691040e+01
-2.018378938370733522e+01
3.002959476085379720e+00
1.449035882161115296e+01
2.481156252505024895e+01
2.388867605609630118e+01
9.766843068411617423e+00
4.952042832555889618e-01
-2.296239069552393630e+01
-2.892187472013756633e+01
-1.776684843897237442e+01
8.152607366166193970e+00
1.613100287267297972e+01
2.719375634906100458e+01
2.626596155656989140e+01
1.725621269633120392e+01
6.043076263073089649e+00
-1.569861168158240616e+01
-2.089531681368498539e+01
-8.818066871943301521e+00
1.529097159474895307e+01
2.445317210852590506e+01
3.121110541205780464e+01
3.129615264360472793e+01
1.530397299578089587e+01
-1.223488016850751592e+00
-2.543396714146365412e+01
-3.101458563492633402e+01
-2.601784013857832178e+01
4.720572270845877938e+00
1.486510090525916894e+01
2.897030750299927604e+01
3.068840645845148174e+01
2.221049343901722750e+01
8.445698116876883432e+00
-1.812087504682131112e+01
-2.022912300180905731e+01
-1.122161956071431632e+01
1.561864221472933423e+01
2.465293600087898085e+01
3.207305451709180488e+01
1.499483771358063677e+01
1.221981407050861890e+01
1.147186147689353675e+00
-2.299049779018969275e+01
-1.599134464139206102e+01
-1.505461898482644756e+01
6.307028464153518144e+00
1.727406337430875283e+01
1.531443927967620766e+01
1.148878591775428504e+01
1.812381914199613675e+01
8.743523262280177732e+00
-3.820457108158734627e+00
3.231771549326367676e+00
-1.107927436773024965e+00
9.428226141972118057e+00
1.963434970231719490e+01
9.247794145019724965e+00
1.379831621941411868e+01
1.510878035366658878e+01
1.904828257072949782e+00
-2.332039749264367856e+01
-1.390600252556760097e+01
-1.559538341419829521e+01
7.876118096974096261e+00
1.722443929617293179e+01
1.613760921149514616e+01
6.045154931722208858e+00
1.983385482108496944e+01
8.974644959267607192e+00
-5.971577994583640248e+00
3.842521778045920655e+00
-1.851167191132844891e+00
1.160172821339801885e+01
2.009547693935019197e+01
8.455411224858835340e+00
-3.902620371074044670e+01
5.528916181208842318e+00
1.610561525612865807e+01
4.772557363055966562e+00
2.239423061846173368e+01
1.864785363573901122e+00
1.480173807386745466e+01
4.978564724027819466e+00
-3.989659562904853374e+01
-4.340859885476675117e+01
5.443167583653121255e-01
1.378733136760274647e+01
-9.386117393187305424e-01
2.180143740487437753e+01
1.216899096461929730e+00
1.576723635557209491e+01
1.702478284716562484e+00
-4.089685144651230075e+01
-4.036571475910022855e+01
2.451830331028759247e+00
1.844833652702072868e+01
7.434623983252095059e+00
2.519973116420442238e+01
1.534989310480341373e+00
1.356356622597377282e+01
7.120991544787102612e+00
-3.985683212141157128e+01
-4.599438703522537253e+01
-9.998482949158642441e-01
1.277806184266273704e+01
1.776314919115975499e-01
2.334890246107352141e+01
3.265394699454191141e+00
1.775562182621797547e+01
4.588701329885225277e+00
-4.333582710201153532e+01
-4.024557548784378014e+01
4.860104781229892978e+00
1.439556003916368354e+01
6.438581186705050641e+00
2.799520087744167540e+01
6.239039830809815612e+00
1.987435870039189467e+01
8.590792932868225762e+00
-3.651837558104307391e+01
-4.230625983231584541e+01
-1.514856745081488043e+00
8.042485059508180711e+00
5.623105034039326711e+00
2.674617103733180556e+01
1.357508830631559249e+00
1.010093253875675146e+01
6.789016898255795240e-01
-3.913942303677322343e+01
-4.179137617748710909e+01
-1.517259286920307204e-01
8.878460557982180035e+00
5.127061927716567880e+00
2.564097778449831821e+01
7.108864116053155158e+00
1.851168119447538629e+01
9.378569576154404785e+00
-3.710172169278666843e+01
-5.244633576188789448e+01
-1.587461022102070274e+01
-4.039704669485217892e-01
2.416669728416309226e+00
2.779202913891276694e+01
4.236128102173097432e+00
1.303379255939944414e+01
5.516737144298531348e-01
-4.688563030668410647e+01
-3.603793960891243842e+01
-3.419189748052303912e+00
3.945540378212172072e+00
7.191862975694675697e+00
3.654907040206853708e+01
7.706655371119268239e+00
7.486500304483342916e+00
-1.549153380161442328e+00
-3.488277886602008948e+01
-3.124342166850965441e+01
-7.641769479372669593e+00
9.208739248506390140e-01
8.262791101155016804e+00
3.979533785879175412e+01
8.105405528702249285e+00
6.724968900928843141e+00
-1.010238092367944773e+01
-3.171773494202216170e+01
-5.032086046152289782e+01
-1.736675893152596473e+01
-3.181556852847279515e+00
5.380039648189267609e+00
3.730841280780441593e+01
6.236215102573623881e+00
9.656759084798977710e+00
-6.739290621815598570e+00
-4.438609433872625232e+01
-4.036745625382172875e+01
-2.713993101243249839e+01
-2.194670598983066157e+01
-5.217168611699889880e+00
3.632898387149907649e+01
6.956801924825413153e+00
4.231291953459731303e+00
-1.352096132250335359e+01
-3.895693213021149859e+01
-2.435385089239571244e+01
-1.167902938363840804e+01
4.132589113578433171e-02
1.182774444351889542e+01
4.464687617619347293e+01
1.510640649218566978e+01
8.913092761431471445e+00
-4.378081309423578205e+00
-2.143492738473287318e+01
-4.197492817300371826e+01
-3.464906223129946738e+01
-2.989285974792437628e+00
2.358277476233342895e+01
6.043822850829019444e+01
2.816642611109818972e+01
2.018172975497145671e+01
2.071295814312179573e+00
-2.206923919157998171e+01
-3.833661200710776029e+01
-6.048967985824856441e+01
-5.461480977447354235e+01
-1.104697911467519589e+01
4.826865466637536883e+01
2.035639130849085632e+01
1.126747207006519602e+01
-3.492805930582107976e+00
-2.077058554425570946e+01
-6.520513115527592163e+01
-9.212436883718146419e+01
-5.734892399481032044e+01
8.766823938756715506e+00
7.111820246700517600e+01
4.452098022407153621e+01
2.946510789780586492e+01
1.101333039121527690e+01
-1.865648057238649926e+01
-6.418216179174487479e+01
-4.950851485272141872e+01
-3.042553304076136556e+00
2.710022640979150310e+01
6.180722011998841481e+01
3.230485129334556405e+01
1.878799457128479844e+01
-5.143113963935320498e+00
-3.765299136555404402e+01
-6.900305565030066646e+01
-4.571519286610418931e+01
1.512033749356487533e+01
4.525596383900483488e+01
7.411651361257918325e+01
4.726414801040073144e+01
3.136457624118702370e+01
-2.110918367270642193e-01
-4.027443443996526184e+01
-9.555105960409855470e+01
-9.887787879395000346e+01
-2.807611369189908146e+01
3.667788344941800460e+01
8.620614912790188100e+01
4.980451606798305875e+01
2.872557027754373848e+01
3.848645042948191985e+00
-3.667526189735508524e+01
-9.350727672422908654e+01
-7.169021443396923132e+01
6.261351210472639650e+00
5.637165322621081032e+01
9.926598973568616202e+01
6.793364482212746225e+01
3.637481570895033656e+01
5.811787672573700547e-01
-5.442162807199929375e+01
-7.661542021436616778e+01
-3.979121147049590945e+01
1.300933948732563294e+01
3.913064502309134696e+01
6.571550063640461303e+01
4.004849943072724727e+01
2.324689341319026425e+01
-1.169649123202543706e+01
-5.401669453947397415e+01
-6.759759564780870278e+01
-2.605664005530707072e+01
2.253066112998931203e+01
5.143357415965965629e+01
7.835513470099431288e+01
5.150897112031088909e+01
2.643853961707895905e+01
-1.863033900709706359e+01
-5.890069969040632714e+01
-9.984135909261567576e+01
-6.027239044537418522e+01
8.387338593307504198e+00
4.915252243033046398e+01
8.956057320355694173e+01
5.710781149312970228e+01
2.378044556850363733e+01
-1.455681138788349926e+01
-6.959768596262438223e+01
-8.615254517619905528e+01
-4.655780796276303590e+01
1.792674471192003693e+01
5.836272564547834918e+01
9.734165705236819122e+01
6.352823235172400018e+01
2.275284441615076503e+01
-2.024969834610237740e+01
-7.350061838276451454e+01
-5.906034387712043099e+01
-1.839028723867886583e+01
1.746565548465878237e+01
4.362313313758022559e+01
7.301128410908313526e+01
4.532790377389028436e+01
1.671662523987470195e+01
-2.367831876588024898e+01
-5.895017779622503440e+01
-4.742098642501514405e+01
-8.066254426918021636e+00
2.291644875516067259e+01
4.801492339856486069e+01
7.067480083271220792e+01
4.238115955039029359e+01
1.990911970779416151e+01
-1.430249250237829983e+01
-5.053468552804406499e+01
-9.000826233633415541e+01
-4.538585580051585566e+01
1.560858965347142657e+01
5.493234674510313198e+01
9.331273492133186664e+01
5.121075063684111228e+01
9.035199730435124366e+00
-3.170469279505778104e+01
-7.986941555523480929e+01
-8.110478800808778033e+01
-3.218545622102101333e+01
2.595398883429879788e+01
5.688690446855071059e+01
8.638349212429602630e+01
4.518344971031365276e+01
7.517051068240107270e+00
-3.462392651525169640e+01
-7.999904150962356653e+01
-4.132605878935282817e+01
-5.867386888335659023e+00
1.957227047125343233e+01
3.647744693320055376e+01
5.773154418660851661e+01
3.000293009064444050e+01
1.229867626214399934e+01
-1.524298873936641030e+01
-4.639880155809078133e+01
-2.934195035160519183e+01
3.613031118315120693e+00
2.865937453514197841e+01
3.791350318095646799e+01
5.605602184930467047e+01
3.191317688031995203e+01
1.380811958492995473e+01
-7.246270809086126974e+00
-3.029604010921093504e+01
-8.518523158627249359e+01
-2.830407150360406376e+01
2.249112415197305381e+01
4.639964309856804903e+01
6.825712257463237620e+01
3.023675867176643806e+01
-1.393717310565989465e-01
-3.982218255577026866e+01
-8.432940007752404199e+01
-7.166630550984700676e+01
-1.604355423925153445e+01
2.904724397227982990e+01
4.574615058774361387e+01
5.810862104752959567e+01
2.971029411861672997e+01
1.786333894473500550e+00
-3.869096713994804304e+01
-7.865210697964357678e+01
-3.052823691317644261e+01
-3.373861686469354026e+00
1.862165659073798452e+01
2.377885622363100993e+01
3.749612928704300430e+01
1.962690667027345626e+01
9.909219534398289397e+00
-8.373498681972705526e+00
-3.023702636739290028e+01
-1.739086108994888491e+01
5.563051592325791717e+00
2.676389479232602753e+01
3.978503461060608970e+01
5.152195815924642375e+01
4.053047860736478469e+01
3.239063298216206022e+01
1.325593815811953391e+01
-1.043675431459087122e+01
-7.933545242928084917e+01
-1.816144776451983489e+01
1.944128432578872889e+01
3.097442456221324392e+01
4.043823792372131720e+01
1.330158896539433044e+01
-8.826037114613427548e+00
-4.512689628539374098e+01
-8.829447559037362225e+01
-6.393751664470255491e+01
-1.597066020287456922e+00
3.450945913634791395e+01
4.942183564972583554e+01
5.655979906999709783e+01
3.418440816138172522e+01
1.594331744758528657e+01
-2.100569466175511479e+01
-7.420208439613634255e+01
-2.213036283846304286e+01
2.532337482029106468e+00
1.524739815283101052e+01
2.168075713246798841e+01
3.174606242296431446e+01
2.482031733954772790e+01
2.240440386386035243e+01
5.789770576258888468e+00
-1.647104488941840827e+01
-1.336232818196549488e+01
7.104414773770258762e+00
2.332778180882451124e+01
2.879151001624995843e+01
3.940640284089022316e+01
2.879356346832355484e+01
2.559881941230560187e+01
1.053729023397318088e+01
-8.361591469821178180e+00
-7.406104276167752687e+01
-1.571205813852429856e+01
2.253478608769364655e+01
3.723949014997924678e+01
4.471379925707879011e+01
2.443461266506346874e+01
1.324454920103016775e+01
-2.199153277795994654e+01
-7.911832716719072778e+01
-6.852208223233901663e+01
-2.103227443233481608e+01
2.501926189643563703e+01
3.997219611021500896e+01
5.119049937342060730e+01
3.547890279755665688e+01
2.743943272953038104e+01
-8.673052954021841288e+00
-6.891755019034098950e+01
-1.553529798376257531e+01
5.831374169792979956e-01
1.656082667333248537e+01
1.888671181947574951e+01
3.052391325779717590e+01
2.256729173019266455e+01
1.779030758774024434e+01
8.299830028499854961e+00
-7.613982597802532837e+00
-1.363031904927174764e+01
4.359704301947203930e+00
1.880879098470904864e+01
1.962894234749819589e+01
3.376137997384284972e+01
2.421376803456223570e+01
1.652060467508272268e+01
9.968334859209790011e+00
-5.375629059111815877e+00
-7.163405381152369955e+01
-2.410615690794656985e+01
1.814213042659685016e+01
2.767570488192723133e+01
4.233912224919674827e+01
2.805622759897232754e+01
1.903417618421372026e+01
-1.157168994366656989e+01
-6.481978022657312977e+01
-6.362852944376936648e+01
-1.671135227140621282e+01
2.149723730100959074e+01
3.028067049445235170e+01
4.227772207717555375e+01
3.019730640543275513e+01
1.942466523201437667e+01
-2.723238591410336085e+00
-5.993988589677610435e+01
-7.609930300677660853e+00
6.422272381270886399e+00
1.518217901053867536e+01
1.556891512329457328e+01
2.762933513757889159e+01
1.791681091584905516e+01
1.440259133902145550e+01
9.678874473998803296e+00
-1.202880995020677801e+00
-8.047383024095324799e-01
6.541116738118944340e+00
1.377314085041871294e+01
8.816487558207882103e+00
1.789356548525393009e+01
9.063350611322675832e+00
1.580937035504030064e+01
1.190451534355634067e+01
2.671650966793094995e+00
-5.780393840484612156e+01
-1.583181524228621129e+01
1.684368198583251797e+01
2.588199757233087439e+01
4.044876390174613334e+01
2.528117790851683822e+01
1.804369943661731668e+01
-1.773486334212066140e+00
-5.101677131199539872e+01
-4.503949537603330100e+01
-1.625341737270355225e+01
8.107613086402125191e+00
1.312515134256682359e+01
2.422676912910537794e+01
5.597096468554809690e+00
1.202021919682738371e+01
-7.175766875792760402e+00
-4.233473134960513562e+01
1.212852138225571252e+01
9.493637521009077318e+00
1.228973654811852612e+01
3.722277464345097542e+00
8.672076026865397580e+00
2.615463622802053578e+00
1.238961230513814371e+01
1.128690990951145068e+01
1.376374253653739288e+01
2.869366013063336140e+01
2.121592232706643699e+01
1.424983951658941805e+01
-5.903355722664855421e+00
-5.101621739606343908e+00
-9.625437708236859180e+00
8.839721540771279251e+00
1.815514129214716377e+01
2.933286109881191805e+01
-2.219588636348021282e+01
-1.526275784971949179e+01
1.972042068955488503e-01
5.375194358493899927e-01
7.761141360142573831e+00
-6.000528384058270603e+00
3.890697573660872877e+00
-6.199261082540033385e+00
-2.130634004289640870e+01
3.731305750266983523e+00
-2.234650577476713806e+00
-1.399886812985641882e+00
-1.626949260168476030e+01
-1.439206529094371945e+01
-2.553968597399943974e+01
-8.760746990388724953e+00
-2.056835845252862782e+00
4.355781842716169194e+00
3.181557180136769603e+01
2.056640086281186086e+01
4.271094289986649528e+00
-2.182168182916939259e+01
-2.786086843586235773e+01
-2.956344683578936383e+01
-5.298265657620504498e-02
1.327296635437960504e+01
2.899090989154774434e+01
3.492958696488221904e+01
2.696428668203225243e+01
1.339749145916721318e+01
-8.873017669808177743e+00
-1.312442971434211358e+01
-8.293489578747539781e+00
1.778963669449149165e+01
2.607179481626189954e+01
3.364966866186659900e+01
1.873854856133948488e+01
1.124613203231274383e+01
-1.128417512212763540e+00
-3.210832296459921054e+01
-3.591925789858214557e+01
-4.697039575350936502e+01
-2.141108561884084338e+01
-3.324537219654303044e+00
1.543240561209677253e+01
4.122040550947349402e+01
3.107853853597043781e+01
1.555185677127155941e+01
-1.015028415227425285e+01
-1.760065644998394419e+01
-1.790563705527165439e+01
6.959655633820148068e+00
2.253725792933983030e+01
3.584675346906806226e+01
1.283287846578059543e+01
1.409641838007792103e+01
-3.190754599636420608e-01
-2.433326679368474288e+01
-1.623069652393314755e+01
-1.599200608901446685e+01
5.454080486480961554e+00
1.537388018834462855e+01
1.361907448650890728e+01
6.832510410145914648e+00
1.812744630842644256e+01
6.266869698165010050e+00
-1.160840706253657117e+01
1.343195066874613985e-02
-2.675016130160656758e+00
1.133271061006234959e+01
1.828424570510105696e+01
7.425429680712113623e+00
1.857766835209986311e+01
1.811066145267068350e+01
3.028231140509888064e+00
-2.235890698563889600e+01
-1.347164521206286736e+01
-1.659388971247244626e+01
3.849613325772224925e+00
1.692052075162791880e+01
1.592442241919070511e+01
1.182382959319511428e+01
2.195127028749993769e+01
6.833340176672209054e+00
-1.282157946331426501e+01
2.520819530636799755e-01
-2.695112320478074253e+00
1.166361511243303539e+01
2.112003213926800527e+01
1.191519097774289548e+01
-3.613815983502718154e+01
1.329378054695553146e+00
1.303664595622103661e+01
4.493972104057320394e+00
2.456753464795792752e+01
4.503567919579836598e+00
1.570306129819800844e+01
8.605208716980996542e+00
-3.558955905045149848e+01
-4.170880813204166770e+01
-3.324164022524200846e+00
6.609852863024570979e+00
-4.902245497643889394e+00
2.367659041377567064e+01
5.171887694374163402e+00
1.684651548114925390e+01
5.185083763273723889e+00
-3.948038082304628915e+01
-3.705460805678740144e+01
3.795784759735397529e+00
1.635723759211032302e+01
5.874815435204709502e+00
2.287697721062431810e+01
8.471377330697578145e+00
1.827878277937998064e+01
6.347298002267052652e+00
-3.591806436709885020e+01
-3.975954455636747298e+01
-5.035781838952971157e+00
-3.968652395633398555e-01
-1.259877123057958670e+01
1.424921569161233492e+01
2.790698973258258775e-01
1.597238149646000238e+01
5.333151012175221695e+00
-3.910764971827302361e+01
-2.456308019618154503e+01
-7.629032762197311968e-01
3.960307774115790380e+00
7.605530609244851803e+00
4.277975071226137516e+01
2.117323371223756112e+01
2.616819815001144889e+01
1.649093351278133923e+01
-1.969146651434130035e+01
-5.205184985569212586e+01
-3.306226664877613075e+01
-1.282444669482720201e+01
4.766530817985767499e+00
4.377579832605260890e+01
1.916418248012632830e+01
1.931694239464741258e+01
3.982184617176244501e+00
-3.367213570993044414e+01
-2.211495377964456566e+01
-2.450153932330431417e+01
-3.775763061425095657e+01
-2.974220603672529251e+01
2.080771729332172981e+01
1.086077597344410606e+01
2.575579825721797533e+01
2.075869116163812578e+01
-9.566688668710412458e+00
-6.122173540390940616e+01
-7.182280761349829845e+01
-6.452707199890573975e+01
-3.442242066436301684e+01
2.298979246053568204e+01
8.265012714982731268e+00
1.167724408156936988e+01
-2.959318740933667868e+00
-3.497039005736587569e+01
-4.362159506960142608e+01
-2.369671801582444459e+01
-9.475443651026580483e-01
1.820480116363978595e+01
6.131424966170015978e+01
2.435973909556923900e+01
1.562725994270294905e+01
-6.850185835297452286e+00
-3.539734556571056601e+01
-2.911016098264735774e+01
-2.945832745208826964e+01
-3.184496548405149952e+01
-6.061417437420459464e+00
5.667395047800164321e+01
2.434325921935669612e+01
7.109492900388431735e+00
-1.030957738740835339e+01
-2.494954237066122005e+01
-5.806583737311302684e+01
-5.244681903962919023e+01
-2.679556220131053124e+01
3.090193636548065115e+00
5.754196765879896702e+01
2.078176436398644000e+01
-9.819093332771444693e-01
-3.059990925063175382e+01
-4.900857757408812176e+01
-3.624996768566961691e+01
-4.223129739311116282e+01
-4.967511665445636027e+01
-2.203830282860144507e+01
4.473221800286410144e+01
1.503835298150079325e+01
-1.718165538643370382e+01
-3.776523721263220068e+01
-3.586302536548464559e+01
-2.859072766409781252e+01
-7.301670418630237691e+01
-8.628794834727887064e+01
-4.060612089949427173e+01
4.539653026077576214e+01
2.456150262019946240e+01
7.416944871103623882e+00
-3.227370401007647160e+00
-4.859688685668515973e+00
-3.946967146515635250e+01
-8.686648963674088009e+01
-7.162236359308008105e+01
-3.282611043745419011e+00
8.175598828574948129e+01
5.393544388876762241e+01
3.448286676757561509e+01
1.954205680883023888e+01
1.161769890281993867e+01
-8.927188081652275287e+00
-5.581531801488745259e+01
-8.772545900044497102e+01
-5.175324294966412708e+01
3.091345146935782395e+01
9.744193729588005226e+00
-1.477815498475683853e+01
-2.066549207046045922e+01
-2.431441558070218889e+00
1.139533923039562069e+01
-3.193062160810222849e+01
-4.217947691679000854e+01
-4.813607130199670792e-01
7.315254496046964050e+01
4.184341765048884554e+01
1.670797008013323648e+01
1.228170826080895495e+01
2.714280862888335832e+01
-9.416895173440934741e+01
-1.068049844338875118e+02
-5.101970596672617830e+01
1.328873055323492736e+01
7.716461780447571073e+01
3.521862082209190703e+01
8.816766373405698687e+00
-1.609442485996987671e+01
-4.624294313018708635e+01
-9.566291294305119663e+01
-7.796704915029113181e+01
-7.000500521389767528e+00
4.706638302747523994e+01
9.741387316870168434e+01
5.282076641636558634e+01
1.364406511519337073e+01
-2.693299335186748067e+01
-6.807412115763872862e+01
-2.658663073966454249e+01
-4.534643997300008778e+01
-1.866598114119551610e+01
2.385691843212725871e+01
7.461874553502821072e+01
2.973130265432700980e+01
-8.425360892433673143e-01
-1.432785617368790554e+01
-1.047062333457870409e+01
-3.644820165818418900e+01
-2.719087531859986484e+01
1.650357375465682708e+01
5.883377203101554187e+01
9.770381251116305066e+01
5.571979235144681297e+01
1.777295429469086230e+01
-1.292398860541288741e+01
-2.795352712857493316e+01
-1.009322305067339585e+02
-6.814173871085222345e+01
-3.152896269573830068e+00
4.026427663637150545e+01
9.138629464570112759e+01
4.507739889936965483e+01
6.953478039780748077e+00
-3.757143755156721454e+01
-8.555849564747586555e+01
-9.849693174158164766e+01
-6.795995731411676388e+01
-1.767033867506142997e+00
4.752889915099331120e+01
9.082596445859962841e+01
4.431307499721879140e+01
4.017749366597854532e+00
-3.972438876685873765e+01
-8.294467118433385622e+01
-5.026451608568459051e+01
-3.312694835169531871e+01
1.396211034378211480e+01
6.015164392488804879e+01
9.717787367101118434e+01
5.393552773593910388e+01
1.565614303477923386e+01
-1.791918962367344648e+01
-4.040952950761311513e+01
-4.928604598437959794e+01
-2.886673773344955407e+01
1.528585953167930711e+01
6.149752276734943734e+01
9.592744930162007222e+01
5.544719692698708968e+01
1.562165935460689070e+01
-1.509132603248872329e+01
-4.075276641733762517e+01
-9.688042283857612347e+01
-6.267024751499411650e+01
-2.506092413568694610e-01
4.626325561899011518e+01
8.751067688768489461e+01
3.900452858566313807e+01
6.215735239675268531e-02
-4.067437750533645158e+01
-8.710084264835313661e+01
-9.185411633590229030e+01
-5.357347924754139967e+01
1.059949124233389739e+01
4.955401990591781214e+01
8.176318620510573965e+01
3.267424899341858691e+01
-5.249245031882310286e+00
-4.436319835718313698e+01
-8.642932808276964352e+01
-3.722537311109772418e+01
-1.952368203315563733e+01
1.881100479976157658e+01
5.394963489504152676e+01
8.499976402937318198e+01
4.648575930850347504e+01
1.247987266021664254e+01
-8.148033944838971365e+00
-2.698543746824725531e+01
-2.764238135462073842e+01
-6.377009851872571744e+00
2.978798607934731990e+01
5.396580373996403068e+01
7.295228517433861271e+01
3.911388536416052375e+01
1.372929294644382026e+01
-7.107887219872282003e+00
-2.493441235890168173e+01
-9.473458324060266023e+01
-3.676165782767930068e+01
1.575173700082814321e+01
4.621444141221581958e+01
6.843412443003762746e+01
2.842017237243999261e+01
-4.117220456500945147e+00
-4.665609576783026569e+01
-9.578867357751732925e+01
-9.058036762293886568e+01
-2.356030035184812732e+01
2.527669177606003359e+01
4.958268502730061300e+01
6.134697115109793231e+01
2.808002648295223480e+01
-5.419491129214293323e+00
-5.560625245958726737e+01
-9.802230455083918059e+01
-2.095429257863361272e+01
5.942174338590120897e+00
3.489219945325748995e+01
5.174125335519784130e+01
6.392805436017806642e+01
2.872101079475442020e+01
1.252523172367364168e+01
-5.174579400489164982e+00
-2.139673503581093428e+01
-2.815895117017453231e+01
1.316838329294114374e+01
4.359094621613621712e+01
6.012873958699492505e+01
6.935383538866153685e+01
3.953438217821530998e+01
1.494346674699045252e+01
-1.198668426845142676e+01
-4.146622675546313985e+01
-8.728943462025199551e+01
-1.232565180082019651e+01
2.937582027155440301e+01
5.182121989216830116e+01
6.807263438264999422e+01
3.102950703348324168e+01
1.118858697300311178e-01
-5.592210571359464666e+01
-1.152381324509478873e+02
-8.446159215856459923e+01
-1.147487891212222166e+00
4.410748130927095190e+01
7.104250588906870689e+01
8.495830537213987554e+01
4.758407621626975015e+01
1.521998673584312201e+01
-4.550962857491686009e+01
-1.096088358895794954e+02
-3.698030304742860608e+01
1.174197306144924369e+01
4.510124229890789138e+01
6.733877336516889045e+01
8.182271620216488373e+01
4.772106868801347446e+01
1.733398763452714775e+01
-2.193226768854947295e+01
-6.383293106667406391e+01
-6.443449579043954145e+01
6.111942933210229967e+00
5.471644826429837849e+01
8.703802028023346793e+01
1.040639686761787743e+02
6.934499260865413817e+01
3.303279885982919950e+01
-2.740258964215900050e+01
-8.760600846617853676e+01
-9.029987303493544459e+01
-8.028624014958040789e+00
3.889191659245989285e+01
6.839889139843899102e+01
9.025799911090143723e+01
5.485398801148403436e+01
3.004662835254566744e+01
-2.983841104622115381e+01
-1.122145010574022308e+02
-9.708168404999196355e+01
-2.098215432438882999e+01
4.202811319727334194e+01
7.598709810832201583e+01
1.026270692585821962e+02
6.902915227977791801e+01
4.245916062573087402e+01
-1.508967998236767016e+01
-1.001863938319875160e+02
-8.785092301648774082e+01
-1.032691066694678739e+01
4.752066258707782254e+01
8.566936035364778945e+01
1.133728604035941316e+02
7.633034858367136621e+01
3.978265904617728665e+01
-2.593232704196998384e+01
-1.003524271116366435e+02
-1.045634080186719075e+02
-2.856789539501187392e+01
4.460129422359023010e+01
9.228589116747025400e+01
1.245991260312148370e+02
9.006713332541403361e+01
4.729353843198623508e+01
-2.260143682608395466e+01
-1.088879783533484442e+02
-9.349009250961535145e+01
-1.746843439852818847e+01
3.824436825112206861e+01
6.724329659272916615e+01
9.300317798854030116e+01
6.563897491671377793e+01
3.875826014828635380e+01
-9.498337322277620842e+00
-9.468529315589694306e+01
-8.998742544915330654e+01
-1.132655064226128161e+01
4.436711334348365199e+01
7.324756486045953352e+01
9.644169299364875769e+01
7.194898490034393035e+01
4.190531735061813379e+01
-2.789848318803706206e+00
-9.093825546258085524e+01
-1.150357455504199606e+02
-2.920585897420460242e+01
4.466256471656379290e+01
8.884638505912153050e+01
1.216190701070763680e+02
8.769006849814468296e+01
4.416469443401729222e+01
-1.934462562636144867e+01
-1.138435292630965705e+02
-1.147829628797990154e+02
-2.214896077984303702e+01
5.021475483152607922e+01
9.622955730488320114e+01
1.265249568847757473e+02
9.882359181070569321e+01
4.867622434583608992e+01
-2.041708458490029443e+01
-1.158598411395760195e+02
-7.614516698494844604e+01
-6.995621386566199362e+00
3.765395339322276413e+01
6.774986799020553008e+01
9.067555670734873274e+01
6.564174552190524992e+01
4.122203328646719456e+01
-1.433500754228589358e+00
-8.193835349672735902e+01
-6.533761870222951984e+01
-1.161784775677369907e+01
2.859426702502241824e+01
5.789622838483774103e+01
7.715990980398782995e+01
4.987895464328175876e+01
3.059677011350868270e+01
-1.071364163170801476e+01
-7.093916751128563192e+01
-1.080075013693849542e+02
-1.552430363160692650e+01
4.756669760781551304e+01
9.038276967881665769e+01
1.199158657260313703e+02
8.849151934738620184e+01
4.612890838342718780e+01
-2.409705022728303447e+01
-1.117934242311803246e+02
-1.032141046796750743e+02
-3.157740211600321345e+01
3.057054045137192588e+01
6.882968497709225630e+01
9.792904029099736363e+01
6.970176898015051847e+01
2.954328065386653179e+01
-4.271834959658735897e+01
-1.122895279238382500e+02
-3.447135071373577375e+01
-1.274203978270270454e+01
1.856855549992178567e+01
3.660645638889400288e+01
5.775743661724845879e+01
3.544441852372256108e+01
2.056121028137567919e+01
-5.694508242784650065e+00
-3.608401620390213793e+01
2.612145679157038103e+00
1.802985961163358297e+00
1.287929403514135629e+01
1.641973672539461404e+01
2.187600777536863461e+01
7.722751014574896544e+00
1.225614461410441436e+01
5.267141227901447564e+00
5.789457554819819052e+00
-7.242585820486419834e+01
-3.775790506698831450e+01
8.024271105008665472e+00
3.716191737528424710e+01
6.357306542309379438e+01
4.296033166687084304e+01
1.127430326593457721e+01
-3.934594748845847789e+01
-7.394923940235275950e+01
-3.044763709647304495e+01
-2.788925501544599683e+01
-5.315932723882724531e+00
9.355273429246153682e-01
4.551946209161542356e+00
-8.978331388847436756e+00
-1.663252222861046903e+00
-2.318404603005728859e+01
-2.725704859010875225e+01
1.814033741473576811e+01
9.177802731092015165e+00
2.194366923125926405e+00
-1.954981251090066507e+01
-3.130492402732488699e+01
-4.691737711479072459e+01
-1.670636472301521280e+01
-1.657340441437554546e+00
1.570124515762654482e+01
5.173696130976168206e+01
4.112855982137352839e+01
2.950482172957708826e+01
1.096756997948978096e+01
-2.325068759499117732e+00
-4.026037996749437298e+00
1.653594098099347320e+01
3.155230759039477562e+01
4.856609844774857265e+01
5.871651824327273061e+00
-9.389693095105940301e+00
-9.845750050968490541e+00
-4.070486026658909395e+01
-4.878088185875094496e+01
-6.537052369402954355e+01
-2.742306743569497485e+01
-1.399117543627653504e+01
4.124032663938123733e+00
5.428474365376564492e+01
4.363938611367848353e+01
3.268784942315323860e+01
3.139018883739481680e+00
-2.137836662591143977e+01
-2.163345403343555517e+01
1.817600641143508255e+01
3.449712374093178369e+01
4.919909044408359478e+01
1.785650329377767775e+01
1.731823599032577476e+01
4.445533879828872159e+00
-2.179921964471577667e+01
-1.843060760182561353e+01
-2.149085670135536930e+01
6.676405548932962120e-01
1.253947436959424522e+01
1.798087099098665931e+01
9.164536611642688513e+00
2.111593480821647972e+01
7.418224191122135380e+00
-1.488758141301514115e+01
-2.119738844114181120e+00
-6.522729524804162793e+00
7.963193704600598721e+00
1.590618370282413707e+01
7.931651265535037965e+00
2.260174964251564234e+01
2.272868932905839756e+01
5.419023707006999757e+00
-2.024957268689877310e+01
-1.711035280787837110e+01
-2.631275243911659345e+01
1.751627014184123254e+00
1.581678232963895425e+01
2.150847466620689374e+01
9.923768467677291483e+00
2.459741351076809224e+01
1.136130330839114322e+01
-8.617996551911346614e+00
2.538600949155807029e+00
-4.004014188150904374e+00
1.275566679168332485e+01
2.011311416968237609e+01
9.906124848173931241e+00
-3.587300976335245650e+01
7.974276258828467689e+00
1.829927347746343003e+01
8.815447979389318789e+00
2.385689336462837673e+01
1.015540578988293419e+01
1.731488623945188010e+01
7.446118158091849182e+00
-3.483224388724920573e+01
-3.861072875357422163e+01
3.592008248160709627e-01
5.811018322820018511e-01
-1.469337395255570300e+01
5.251890783052658662e+00
-9.523193362416122909e+00
9.186534868036687840e+00
5.518448209790221881e+00
-3.681655319540732307e+01
-3.179055112009518780e+01
9.883029907519812696e+00
1.760174173829364008e+01
6.086848904269572813e+00
2.230319096874518436e+01
4.269105756398857920e+00
1.776547434616077226e+01
1.029168023419697420e+01
-3.077526860939542530e+01
-3.239798313198662072e+01
5.430267949221160961e+00
9.408314471394987777e+00
-9.117745529161766171e+00
4.410949376797361765e+00
-2.245795540239578258e+01
-3.231030708484468050e+00
2.715492935807560571e+00
-3.248923615386604524e+01
2.243474362076085526e+00
-5.995088498355471529e+00
-2.262783741534803994e+01
-3.020918425459194623e+01
7.794816121368057793e+00
-1.064359402782793040e+01
8.460422991673112847e+00
1.916097143035767658e+01
8.380855483979757992e+00
-1.942036360350903124e+01
-4.906679704342968762e+01
-5.380999579199124128e+01
-3.811662875478896240e+01
8.147039315605070442e+00
-1.597316458676868933e+01
-1.134431273633890669e+01
-5.751128633564803749e+00
-2.998909872952935984e+00
9.638618702345411293e+00
1.881467761372186942e+01
1.090314210533870209e+01
-8.187521622741769534e+00
7.031577559353536344e+00
-3.479737031317563378e+01
-2.398727478191722184e+01
-3.922748191143909935e+00
3.491440131601848407e+00
-3.517914201722305734e+00
-4.659733888984192163e+00
-9.527116430697788019e+00
-1.058529499865835533e+01
1.028055140952966440e+01
-4.051409235142637044e+01
-5.628205840571899898e+01
-4.963302463304717094e+01
-2.076109039489529096e+01
-2.986512356431285298e+01
-4.070897179793246323e+01
-2.691201844677561894e+01
-5.960641360485851692e+00
4.575170772899764415e+01
6.271262077993014827e+00
-1.435566543565437314e+01
-2.900211865457185922e+01
-2.331352121793315746e+01
-7.630707047756004613e+00
-2.766741762945093797e+01
-3.551605767937144265e+01
-1.607421896014420781e+01
3.774694694445133791e+01
-3.681442774284732877e+00
-2.616131962495637708e+01
-3.234602551313946606e+01
-1.165232978045241907e+01
-2.341996662059682421e+01
-2.934623264269612264e+01
-9.776818792539415881e+00
8.933368292913655750e+00
4.611167396112068673e+01
-5.970786790381680476e+00
-3.372401880181860179e+01
-4.685390994601766579e+01
-3.004089960581040941e+01
-1.334578687866451219e+01
-3.098203788376486045e+01
-2.016467519919387996e+01
-1.689437966979312478e-02
3.794419364214809320e+01
-1.995964716592243349e+01
-4.046279190090717748e+01
-3.748151662914460758e+01
-1.327866959836683236e+01
5.464428041806968395e+00
-3.768622247586972662e+01
-6.498914199460705277e+01
-5.016754599746673193e+01
9.610980415072845062e+00
-2.672244592735660262e+01
-4.166407765937765362e+01
-3.151949543802766129e+01
4.441838159556027676e+00
2.986881414302479243e+01
-7.398171133332652971e+00
-1.972178118655574508e+01
2.039699344670225400e+00
5.020287587126949802e+01
1.362726886170275975e+01
-8.842685254843672737e+00
-3.928673930815421045e+00
2.957039350247760012e+01
-5.720435890689259395e-01
-3.090909194328560261e+01
-3.415809496480505913e+01
-2.283021040190942585e+01
1.031610907797221444e+01
-5.518286813274607994e+01
-6.981881159258773550e+01
-4.976209036228829063e+01
8.693621073689428158e-02
3.112648311472730711e+01
2.971100824936002027e+00
1.630792047202703543e+00
1.913289558759424835e+01
4.827947888645758212e+01
-6.990517978858406423e+00
-2.382748317341793154e+01
-1.128503978866501711e+01
2.994538688420038852e+01
-1.617100089230007143e+01
-3.885725005825952394e+01
-2.990524951111001428e+01
-4.271839868079041480e+00
4.094379231857055856e+01
-1.815276527508103754e+00
-2.852945395749702584e+01
-3.677603686953079887e+01
-1.708957841622395790e+01
-2.716331865490792552e+01
-2.976170635713060619e+01
-2.370525435835588723e+00
3.425751204482548928e+01
7.896071222206228413e+01
3.304320453074910802e+01
-2.627073845840641297e+00
-2.436483345751548768e+01
-2.360743549102335237e+01
-1.259273335184843745e+01
-3.465187163397604309e+01
-2.529304692526056897e+01
-1.427219090910512023e+00
3.934422146206998150e+01
-4.721121151571423979e+00
-3.312875442308722995e+01
-4.102584495727205649e+01
-1.897851326526142657e+01
-2.065007971519844432e+01
-2.305990989276324399e+01
-1.813276711516664363e+00
3.748171583148359787e+01
7.788799973244022112e+01
3.429193902844417607e+01
-2.571512052963953465e+00
-2.596693209407385439e+01
-2.343362060498111532e+01
-4.445544410822913051e+01
-4.201101884785748553e+01
-1.002611000890465220e+01
3.166401154244522331e+01
7.246414109450233809e+01
2.765698535900367006e+01
-8.256327239243546501e+00
-3.300038080844387878e+01
-4.274903999913658481e+01
-3.564210749568155734e+01
-3.542899613162444439e+01
-6.972419233894470381e+00
2.962618989405200409e+01
6.626123307217494585e+01
2.579558567843741912e+01
-6.470141775776937720e+00
-3.002021340612554923e+01
-3.465654689611255890e+01
-4.094488286884734407e+01
-3.311988411186030135e+01
-5.121929723842185922e+00
3.569670855283038691e+01
7.262476378784049302e+01
2.815965671983030916e+01
-9.726970726635045139e+00
-3.745136656437534839e+01
-4.151552187047491316e+01
-2.728750963856327871e+01
-2.283482916448701872e+01
-4.160906001343391836e-01
3.216806852685112972e+01
6.450517748236597981e+01
2.986963748396374285e+01
-7.985643202337087132e+00
-3.640224871711870946e+01
-3.704150209773797542e+01
-1.955657990834879456e+01
-2.184922915119022946e+01
-3.732038958070916124e+00
1.543334077492181677e+01
4.402668203261055169e+01
1.099040706118739763e+01
-1.201222347631119192e+01
-2.452753014669724507e+01
-1.838444314141088398e+01
-8.443122435375698842e+00
-1.310983797629887704e+01
1.037405067530926317e+00
9.888859670856618322e+00
2.710053181109105935e+01
-3.928515406092628837e+00
-1.608116116036399035e+01
-2.074352421197545482e+01
-8.090114624112175079e+00
-1.342802145319728879e+01
-1.271824556118372129e+01
-4.224712630501016974e+00
1.369376152969198301e+01
4.156983646877779393e+01
1.714725045526938629e+01
-1.030652141035534441e+01
-2.934122971514079836e+01
-2.475484350048100168e+01
-2.327036440687152208e+00
-7.832073770696297288e+00
-1.866946902882773429e+00
2.618225103098666295e+00
2.668491974742210004e+01
3.769300111234770156e+00
-8.558682904316810891e+00
-1.981179919048736338e+01
-1.048710133880376816e+01
-1.926314551499672234e+00
-6.506203259792528115e+00
6.126585221965797246e+00
7.779135386626876425e+00
1.674223844220614410e+01
-1.142592046980280429e+01
-1.279651225772977341e+01
-1.733859429883523262e+01
-3.633415944339049020e+00
-1.101816592576869880e+01
-8.867933078887290321e+00
1.010890494554769248e+01
1.415974084966910596e+01
2.097240179401705973e+01
2.808796654324396513e+00
-4.537890916370088235e+00
-1.855786134005757049e+01
-1.492375809840541478e+01
5.815517909068148583e-01
-9.169847688930531149e+00
-2.323593798908405006e+00
-3.435506326466565952e+00
1.323919779382413253e+01
-2.653837072801252361e+00
-5.441963677527382970e+00
-1.109474396563746268e+01
-4.958725676806352567e-01
-1.180653751807403751e+01
-1.869787771196570247e+01
-2.561583747155964375e+00
3.097537090274272487e+00
1.802431456872727722e+01
8.704289125686045736e+00
4.529799078882206231e+00
-7.611521528160665184e+00
-8.964526296618714696e+00
-3.036529138055084331e+01
-1.062748271011878387e+01
1.940693679184187204e+01
3.429415677352517378e+01
4.942178193702784483e+01
2.672945352626265958e+01
6.407167557597858831e+00
-2.112508891672769096e+01
-3.889876381680369377e+01
-7.560217684206509148e+01
-3.142283098536427133e+01
2.555356612247851444e+01
5.610930980833654758e+01
7.938946579895855393e+01
5.030122858771937899e+01
1.506484257653210079e+01
-3.799793849680281710e+01
-7.816024011947456529e+01
-3.964961384847811132e+01
-2.431249497571843676e+01
1.215843146370025352e+01
2.751821128588017018e+01
4.853027396348625189e+01
3.768495428650930990e+01
2.050321734679164365e+01
-7.512132049167121295e+00
-2.898795006200816715e+01
-7.286525826712022536e+01
-3.773676289219292812e+01
1.874773042302695103e+01
5.273796445746847894e+01
7.802223540131672053e+01
5.958241778533556499e+01
2.608192429982591420e+01
-3.113674494058068376e+01
-7.070367153989332110e+01
-8.528336116245191079e+01
-2.596003916958579794e+01
3.305796917789848521e+01
7.277393269080130267e+01
1.034231207400480343e+02
6.730422193752019666e+01
3.121750218633678742e+01
-2.566050720663770335e+01
-8.694047190126730129e+01
-1.034172151497650702e+02
-4.193437587312655523e+01
2.979714331454306375e+01
8.073631637713697273e+01
1.134075407992258988e+02
7.696923587580022286e+01
2.966817193124006735e+01
-3.550254445907194167e+01
-1.035327131510639447e+02
-8.524617248622598709e+01
-2.597864434233633801e+01
3.551316531548218336e+01
7.537827744181413436e+01
1.018048080467724503e+02
7.225447837374395021e+01
3.412615634524263442e+01
-2.550781243157689460e+01
-8.323705132051691180e+01
-9.742225274045631522e+01
-3.521362038911320269e+01
3.495737840162473731e+01
8.544068205810617656e+01
1.156104146796278656e+02
8.254392500564063084e+01
3.207214826970084687e+01
-4.316679662431124598e+01
-9.982849267980782315e+01
-1.089994862987441593e+02
-3.240411470782419201e+01
3.484836645694667823e+01
7.873934834416286321e+01
1.160448445717411232e+02
7.906242394789478567e+01
3.740402075913880253e+01
-2.592324955941876397e+01
-1.092082013196559274e+02
-1.111307915540819522e+02
-2.495054898672970012e+01
4.468116480443859473e+01
9.080478889675987375e+01
1.279208766363663017e+02
9.232617941906164560e+01
4.714729826956772740e+01
-2.391582328948425129e+01
-1.124171468247650409e+02
-1.038521042287820819e+02
-2.508157340914476663e+01
3.971497114625526592e+01
8.590697302782859879e+01
1.202747328907666997e+02
8.443586327364755562e+01
3.657436991093709366e+01
-3.555590308803948574e+01
-1.065185538862206158e+02
-1.090577011102468532e+02
-2.589858143102901522e+01
5.000776870426489040e+01
9.762830711832975794e+01
1.316626331190132078e+02
9.664509980424918467e+01
5.218690775314462371e+01
-2.444510061484106700e+01
-1.094653851569091785e+02
-9.979016477275581565e+01
-1.397003780452359933e+01
4.655635213425557595e+01
8.589244085688551422e+01
1.208618959433297277e+02
8.739985615825025889e+01
4.629225873798714019e+01
-1.739434449073451106e+01
-1.049375988105384749e+02
-1.013262644365277083e+02
-2.851516072131198598e+01
3.384996069139742758e+01
6.726810201742773643e+01
1.028025583343660401e+02
6.794055178398048156e+01
2.703740322029625531e+01
-3.607377650204671227e+01
-1.055231239943459514e+02
-1.052548985988250934e+02
-1.800034837148996303e+01
5.393328591382260129e+01
9.362269810287375549e+01
1.246969186387425452e+02
9.137029987562436872e+01
5.019115446380601497e+01
-1.674746597942430526e+01
-1.013106463960357360e+02
-1.030575628137860349e+02
-3.485098793372344517e+01
3.496794992516515777e+01
7.270274753183184657e+01
1.027686356256817817e+02
7.401547323720296845e+01
2.964856853154196870e+01
-3.763880763451743405e+01
-1.049756136499545391e+02
-5.938889178692170390e+01
-2.830850772238045465e+01
1.765414360805880278e+01
4.174997480643651215e+01
7.039118070150288986e+01
4.284470167070685420e+01
1.580742790512886131e+01
-3.047304039017762989e+01
-6.480082096958358306e+01
-1.783980615094424138e+01
-1.624700697813750594e+01
6.625907834066310897e+00
3.442135391116607934e+00
7.392196418106323108e+00
-2.739564443472772837e+00
5.335599194142560009e+00
-1.289495354430982843e+01
-1.562352741612812679e+01
-6.018942310157581232e+01
-2.513177777067176066e+01
2.344677223845383196e+01
4.849794721674334141e+01
7.188410273046247312e+01
4.409576906575239263e+01
1.223893553447123850e+01
-3.311479047614557203e+01
-6.495375928533758270e+01
-1.977982958319989848e+01
-9.028016163589200005e+00
9.784091286681359634e+00
1.070620437109027989e+00
8.166959336995205376e+00
-3.958511383170844056e-01
5.658557503920746967e-01
-1.532365976610890357e+01
-2.329140269965409971e+01
1.218062286162194141e+01
-2.260879947363719111e+00
-3.709588798315962777e+00
-4.396125409792875871e+01
-5.596467197078527533e+01
-6.148507939927367261e+01
-1.210097381116065662e+01
-1.474983448890270665e+00
1.469809975568114169e+01
5.698694930590818331e+01
4.667469815721415216e+01
3.399340703958205268e+01
3.485333199874730781e+00
-2.274182393802402657e+01
-9.900634861209255178e+00
2.689225527338567190e+01
4.070592090140780783e+01
5.635204826981134829e+01
9.495022211951436475e+00
1.951534928048204165e-02
-9.021652438663295470e+00
-5.810772064748744015e+01
-5.226406953406331013e+01
-4.744986541107937228e+01
-9.421138083620462567e+00
-1.599705676148005296e+00
1.008746536513808678e+01
5.580815089671705209e+01
4.633907723137235735e+01
3.331493469814722630e+01
-6.368438661651453003e+00
-2.125490864805760793e+01
2.794741212390363216e+00
3.570664821882382967e+01
4.889567130964860553e+01
5.723036735603182024e+01
2.205345802246893072e+01
1.973340008134982781e+01
3.282652495223373990e+00
-2.293764781737081648e+01
-2.375941467700613430e+01
-3.400850598374927358e+01
1.024256600770740988e+00
1.709507298543030629e+01
2.138150367881098646e+01
1.090593807026016293e+01
2.098871997070818907e+01
1.048552087358257268e+01
-6.815413671800342854e+00
-1.330559753878333140e+00
-1.276830528682330623e+01
9.218683379673166201e+00
1.734478407288634116e+01
1.069131858724722406e+01
2.136911378756121849e+01
2.086153343160367513e+01
5.128963903727708384e+00
-2.213303391318913782e+01
-1.635830802594136912e+01
-3.012826136947114719e+01
2.623367934366797272e+00
2.077748903876636177e+01
2.213467424033660791e+01
1.262937830557348207e+01
2.407802731413994479e+01
1.218091101047320990e+01
-2.568147474492434412e+00
3.782756866465206258e+00
-1.101387795113987522e+01
9.556917701549537014e+00
2.150914836828815169e+01
1.156645007600309327e+01
-3.322800258253118955e+01
8.478833749243676721e+00
1.167801745070391917e+01
7.365230702409917285e-01
1.881317296116867510e+01
-2.745292069706920302e+00
1.195513531671167584e+01
5.666670297257951461e+00
-3.117306199844460934e+01
-3.481662566445083939e+01
7.798162805935135111e+00
1.337910027740872465e+01
-4.422334683636108821e-01
1.272607816921663471e+01
-2.144388808911025990e+01
-5.653583345236256719e+00
-4.220719304488738999e+00
-3.806561229410817759e+01
-3.535813273774692789e+01
7.130782406544312835e+00
1.547731021459912881e+01
2.554988452948236954e+00
2.031473016688960342e+01
-3.203893323196098208e+00
9.292340949774370529e+00
3.934031454944488360e+00
-3.568387800484197214e+01
-3.829174447789773694e+01
7.408052424358174903e+00
1.901863343304285081e+01
6.476650729153334396e+00
1.855749494227529794e+01
-1.210512801468757971e+01
-7.093632762553170323e-02
-4.386557420788449235e+00
-4.346763364094658755e+01
-1.272674240189371631e+01
1.728224449905974325e+01
2.247405549555696780e+01
9.344308305124286562e+00
1.848527396852296079e+01
-3.283650582775226212e+01
-3.618705706384207588e+01
-2.459589177184170694e+01
-2.421277466601441120e+01
-3.506419345835456625e+01
-1.033433203323511407e+00
1.186058422990026884e+01
1.316865666308513028e+01
2.471330572666192893e+01
-3.651366206088277977e+01
-6.488113012834219262e+01
-7.320979710112442262e+01
-5.950376835290808231e+01
-2.214679564294056036e+01
1.717655770912824664e+01
2.958060792629112257e+01
2.279526825675930013e+01
3.719549740657657821e+01
-1.190577767260037945e+00
-1.102266842446624651e+00
-3.578454373702697922e+00
-2.972958585885135108e+01
-3.281509586884567398e+01
4.013482514928909950e+00
2.330651317699084757e+01
2.358278743417758960e+01
3.961642195485910634e+01
-8.536064049803826492e-01
-1.600013763795141131e+01
-3.179054155974881724e+01
-4.868601261614821851e+01
-4.490560350230589393e+01
-2.695387257475522347e+01
8.610335744742769748e-01
2.223588090378325433e+01
5.500450429440752487e+01
3.430205799522809684e-01
-3.226729767007054761e+01
-5.639575709910423029e+01
-5.369494274469616357e+01
-3.689767794946237700e+01
-3.807890211934136460e+01
-1.199940665817121044e+01
1.221490711221122183e+01
3.990819144318811595e+01
-2.899506122592720203e+01
-5.320052560973272193e+01
-5.154629069517977769e+01
-3.550085194346138451e+01
-3.171663249504854321e+01
-4.289588672691024840e+00
1.695241260630427860e+01
2.895200804442538356e+01
5.517293722100066589e+01
1.261514577891648514e+01
-3.608298827916769369e+00
-2.102061258106550667e+01
-3.694882879235228756e+01
-2.069996354157137830e+01
-7.775183753544297360e+00
1.352100273865562485e+01
2.512544562729453901e+01
4.896236998514723382e+01
-1.040237162342236843e+01
-3.167854215609986568e+01
-3.184020886769030767e+01
-2.029849290797574213e+01
-2.945081328944070265e-01
-1.472201512102037668e+01
-2.468823736649937928e+00
1.495719433901831508e+01
3.135199096152791753e+01
-5.838161910980124958e+01
-8.913055477175657870e+01
-6.301579889407003066e+01
-8.510969808790832758e+00
3.161440234779001912e+01
1.856100682686519576e+01
2.368328859475332138e+01
4.760380398103734478e+01
7.316745716819423251e+01
-6.940939841588260606e+00
-4.674765819275444301e+01
-3.672638483978516888e+01
1.177225051357709162e+01
-3.276316604147723410e+00
5.823129675874952227e+00
1.898552579361648895e+01
2.869912858353927732e+01
4.186399196430465963e+01
-4.277956458794596983e+01
-8.439783661336696241e+01
-7.293104309105547145e+01
-2.393698251916066511e+01
1.154219989911689481e+01
2.897111276288160298e+01
4.077532202754082391e+01
6.037232440031948499e+01
7.719817528768908232e+01
-6.775087130939937197e+00
-7.487922399153467268e+01
-8.805717393288796302e+01
-3.857166706754742336e+01
-2.665330171250388958e+00
-1.206166977441171184e+01
1.792018707856186666e-01
2.794425984899862669e+01
7.008595521033566911e+01
2.089946352803235641e+01
-2.148267827444942668e+01
-4.570981196680622816e+01
-2.390935706175878295e+01
-2.007284380498458631e+01
-8.580553328676614910e+00
2.276138675832771696e+01
5.982688304193288786e+01
1.030849238070659339e+02
5.626569547494000290e+01
1.385225323584745638e+01
-2.379417095433018403e+01
-3.297817014133397606e+01
-4.357494839624268934e+01
-1.102707007043500198e+01
1.326017837174003944e+01
4.261594318121206015e+01
7.406036258493259083e+01
1.274883837125526043e+01
-5.561677152811898850e+01
-1.099982418217332452e+02
-9.291405206569470465e+01
-6.020606332447641762e+01
-1.532107871264452115e+01
2.577877718904710491e+01
6.421889946349256206e+01
1.049586004604352638e+02
5.888798948390467558e+01
-1.493118618323933333e+00
-7.769577857944841526e+01
-9.134180884786110255e+01
-3.401556324146804400e+01
-1.175746663247991819e+01
2.124929153449193109e+01
5.369831784772395622e+01
9.893312684627017006e+01
5.122388761085312581e+01
1.298204152265680023e+01
-2.927429583804769209e+01
-4.853225703956195503e+01
-3.458032198148430325e+01
-8.293675878172507510e+00
1.983795700798509642e+01
5.415568829119729344e+01
8.997881392861017957e+01
5.404210869231610559e+01
1.406343187365928316e+01
-2.937033135313777166e+01
-5.174712007679045200e+01
-8.052695213665720075e+01
-2.969675120969259297e+01
1.437631922861328349e+01
5.619814687347388826e+01
9.830425466788437916e+01
4.950884249632622414e+01
-1.715612264270021114e+00
-7.259504238406952936e+01
-9.958870114803721663e+01
-8.238758534604858141e+01
-3.836303520758519880e+01
8.732107102841837332e+00
5.162632239585218485e+01
8.935861473460681736e+01
4.491638371007138630e+01
3.425265227069758112e-01
-6.774234157349565066e+01
-9.757876040018891217e+01
-1.702702989664066990e+01
-3.566145767363195773e-01
1.607572647841880098e+01
4.374649434487946564e+01
7.945681319875438930e+01
4.660273332924043643e+01
1.510111487320682500e+01
-1.902419359381019603e+01
-3.699901579766810755e+01
-1.818360106619729777e+01
-2.929922682233154774e-02
1.723915964219486341e+01
3.654632156072329963e+01
7.131028532859636471e+01
4.449329444812337897e+01
2.062823672289823662e+01
-8.729855383644462563e+00
-2.723529227118706331e+01
-8.503548627838608809e+01
-3.732274998319917358e+01
2.747514089802280068e+00
4.364288116147508845e+01
8.382758646458569274e+01
4.271989096476909253e+01
3.491258303343784064e+00
-5.643373713092296384e+01
-9.182310484101617476e+01
-8.563376008108025417e+01
-4.289387212507426739e+01
-5.289129555691033602e+00
3.613231754085973080e+01
7.383176413506589597e+01
4.451840682269539684e+01
7.094886326929554343e+00
-5.049603534915513592e+01
-8.977439258174126735e+01
-1.154411423178680707e+01
9.345628378505352885e-01
1.661478767650260124e+01
2.759973154674662510e+01
6.128579384848944756e+01
4.241915404899555142e+01
2.439619808489442221e+01
1.660202670231228694e+00
-1.502680266060633585e+01
-3.488236816176140564e+01
-1.075916034367401153e+01
1.768398227763827890e+01
3.745995787104038754e+01
7.013169650547206402e+01
5.369732836529692577e+01
3.661774449751828797e+01
1.201944192463997751e+01
-1.746170332849033002e+01
-9.179284564364934340e+01
-4.612352970289066434e+01
-5.190283074083708925e+00
3.001503965902156779e+01
6.513344041536038276e+01
4.507244363895006245e+01
1.451674922314123251e+01
-3.791667156218682067e+01
-9.045684631515177898e+01
-9.922057719928125152e+01
-5.870261781400768086e+01
-5.820317587989848107e+00
3.345170134662475903e+01
6.577392917849647347e+01
5.085285623819800094e+01
2.720296114560915157e+01
-2.564060019023600034e+01
-8.758798367431882070e+01
-5.643120582665142138e+01
-2.108406020374968648e+01
2.166502611536270706e+01
4.446809434048918774e+01
8.012134243422224245e+01
6.323666084592696279e+01
4.239897989819291979e+01
1.279643854976166040e+01
-2.997104675741138635e+01
-7.758306729685500613e+01
-2.554063102218788117e+01
3.507915079155282001e+01
6.424763066215837171e+01
1.003778702886393148e+02
7.844491929891228210e+01
5.128487938606849639e+01
7.117419498856179416e+00
-5.728394097675118246e+01
-1.106084334049810423e+02
-5.868573017080780119e+01
2.232804535742616281e+00
3.725856478860805510e+01
7.330085743029258083e+01
5.825164578898693435e+01
3.414513958629686385e+01
-1.286999496264616027e+01
-8.828947400030301651e+01
-1.055860683535902353e+02
-5.034824629058130085e+01
1.770126081824128050e+01
4.852574783292948268e+01
8.484230281089730852e+01
7.138512265131430468e+01
4.607184564181807218e+01
-4.128228549379855394e+00
-8.976908729806746123e+01
-9.321868541694857413e+01
-2.503280344873201102e+01
3.599670908765983768e+01
6.785700862473214556e+01
1.043925489532605297e+02
7.525326874119491549e+01
4.309642869238814455e+01
-8.177222870639525354e+00
-8.071693403308017878e+01
-1.014038990936314804e+02
-2.589057862991467118e+01
4.398495361849199980e+01
8.347179223149214522e+01
1.215296829959843308e+02
8.834890882065519691e+01
4.204762774020491634e+01
-2.469827167886069219e+01
-1.006244116097368533e+02
-1.096802130988580757e+02
-3.587787630500679370e+01
3.120482971137971617e+01
5.758186537507572211e+01
9.007285874648368917e+01
7.170592188946284296e+01
4.128828636788421136e+01
-5.666609535564930411e+00
-9.510910006202175282e+01
-9.880250060738035245e+01
-2.355008921538319555e+01
4.239134306673804531e+01
7.088433595547394361e+01
9.962497281176911201e+01
7.793166398545895390e+01
4.302740545313281473e+01
-1.596632000946556218e+01
-9.335239565955998842e+01
-1.042253920511720935e+02
-2.273787319253460737e+01
4.042326014797436073e+01
8.012335332586735603e+01
1.184618466373431147e+02
8.175987899158735672e+01
3.656103830487700179e+01
-3.076408661436289549e+01
-1.090912647631084837e+02
-1.102800950443488546e+02
-2.128319989822193747e+01
4.849188527712249197e+01
9.210183877019153442e+01
1.230870400523817807e+02
8.422395302079576140e+01
4.430050954828038812e+01
-2.090906917033316859e+01
-1.079420968066151545e+02
-9.532723431999329478e+01
-1.275995289583806880e+01
4.048265783382521477e+01
6.857649904320714995e+01
9.367224201179487864e+01
6.798132930000429042e+01
3.400511563415057026e+01
-2.084968506544828415e+01
-9.368446946113181184e+01
-8.581892595100543986e+01
-2.289001572748020408e+00
4.834849524480523542e+01
7.627258282952971058e+01
9.449212711208201654e+01
6.973750571695563849e+01
3.784263024816755205e+01
-1.636432348858215846e+01
-8.683551538287429139e+01
-1.057846151429971542e+02
-2.542364994432136882e+01
4.302500323431740981e+01
8.165915597838557005e+01
1.138221548799701850e+02
7.673200175621605013e+01
3.982427562551310984e+01
-1.957997241948032752e+01
-1.053407481934118550e+02
-1.008511922358043194e+02
-3.839738739234235254e+01
3.002106962772086263e+01
6.452084862926858477e+01
9.459344699448774918e+01
6.451481148066022797e+01
2.382281589586636983e+01
-3.627999891180661507e+01
-1.025868129294940445e+02
-7.563718750156294846e+01
-9.454154794075293466e-01
4.665397170803043991e+01
6.850983398476091679e+01
9.084627598845690954e+01
6.312564401033341710e+01
3.360207518262905069e+01
-1.208999939800378343e+01
-7.436626579036692419e+01
-6.602451295045523239e+01
-1.073142023402033374e+01
3.245940752461319789e+01
5.384758933258854086e+01
7.259352468932866032e+01
5.307241902817622758e+01
2.862334466546235490e+01
-1.498648889492324088e+01
-6.549680317894126347e+01
-6.473241092001273955e+01
-3.406256815241431468e+01
8.412124179361853749e+00
3.432298835277651960e+01
6.127787572536908556e+01
3.596604332950664684e+01
1.722983959371049423e+00
-3.958174472835162305e+01
-7.319285245748324087e+01
-3.082977973512424796e+01
-1.957294516650290461e+01
-3.127627374546136707e+00
-1.137830433831550181e+01
3.513728227087995037e+00
-7.812000036938115954e-02
-6.556510513197281398e+00
-2.355306914017455711e+01
-3.361952951315834071e+01
-3.436669669032562524e+01
-6.068451450679276604e+00
2.035124557968811132e+01
3.371692271743813762e+01
4.985001946514239535e+01
3.559440344222821295e+01
1.594003548483306076e+01
-1.079507965314405737e+01
-3.632236000215925742e+01
-9.067098195046128239e-01
6.293410160553321475e+00
9.978476547502395988e+00
4.860286457464098930e+00
1.872880220780643867e+01
1.582184658653568476e+01
1.499751026069861837e+01
3.516185660919290967e+00
-4.218663831437879708e+00
-7.357856677570453030e+00
-1.451418195661972277e+01
-2.536075981298927218e+01
-6.541731602948857471e+01
-4.966129373278090497e+01
-3.794231299110106193e+01
-8.298979842191329226e+00
-5.815789705473434879e+00
-4.003402265495424217e+00
4.169205324010818003e+01
3.034824068698981137e+01
2.126011998895410215e+01
-1.662315652878896799e+01
-1.797428982912606443e+01
6.870155837794300169e+00
3.170777976262615994e+01
4.123277107611647807e+01
4.471840787672135775e+01
9.326527833014552016e+00
-2.467125409020809457e+00
-1.589802079267974477e+01
-4.650119809430179885e+01
-3.072822133019508328e+01
-1.769547728059114888e+01
5.507065614030580036e+00
1.001932081053382717e+01
1.010659909161950054e+01
4.387413228920922847e+01
3.488711873351167014e+01
2.557702806840916310e+01
-5.724122248695493909e+00
-4.191146312543423846e+00
1.423746369752188912e+01
3.334213661586909438e+01
4.442492867624787323e+01
4.520236415445833700e+01
1.491165382791223237e+01
1.514892007063099300e+01
4.746884465788753005e+00
-2.124133716462529264e+01
-1.586160644011215481e+01
-2.207821017884998582e+01
5.781560414005070925e+00
1.883982092972655664e+01
1.661953335452017200e+01
8.934955005155643448e+00
2.031934904746140091e+01
9.374166038578550797e+00
-4.643242734804516658e+00
3.791180780797731131e+00
-9.746206490905024111e+00
8.323578979534431710e+00
1.937223195420119737e+01
8.523042386572342366e+00
1.429807808441364614e+01
1.370079470762448182e+01
6.579424985971854767e+00
-1.987385633829035214e+01
-1.357873019318139995e+01
-1.855880310030443070e+01
4.318837288112263195e+00
1.852084273942455184e+01
1.348002555453422247e+01
8.580028413096442819e+00
1.948622863503328517e+01
9.307831214038742473e+00
-7.309732940339017659e+00
3.407265637135424186e+00
-8.898703610713710077e+00
6.290332700998988003e+00
1.904262485319486586e+01
8.645689820055849850e+00
-3.638886170239493367e+01
2.868074837289896095e+00
1.148508147179836669e+01
2.818049715737288352e+00
1.921068514012586093e+01
7.610879083513282239e-01
1.043340883083146764e+01
5.280101301390459412e+00
-3.425323168499744497e+01
-4.162156768974091392e+01
4.582919007370946929e-01
1.269400799299546634e+01
5.142777851912342157e+00
1.815678809253904546e+01
-2.528705011825877591e+00
5.628942863696011045e+00
4.611527341694454663e-01
-4.271470577481522923e+01
-3.599186720637953840e+01
3.776201477659924421e+00
9.973319379954773467e+00
-1.705826825025724247e+00
1.596670504024950787e+01
-2.322480241295124870e+00
1.050736683062677912e+01
3.079174719588991138e+00
-3.340416175354039297e+01
-3.793608544375092606e+01
-3.810726879224603181e+00
1.031777339671589289e+01
-5.354203624156070873e-01
1.691252004665611253e+01
-2.239224991226137718e+00
1.222622166501969332e+01
2.991159048378904117e+00
-3.557582848799938802e+01
-3.729074914998273016e+01
3.868840075447224081e-01
1.274533616418557358e+01
6.298222362960586906e+00
2.323405574028038245e+01
-1.816452259772631805e+00
1.830953581731591839e+00
-3.610580036907776957e+00
-4.096127932150557172e+01
-4.046619391938293120e+01
-4.161084912508272282e+00
9.037589745130389929e+00
5.306675086532777641e+00
2.769467902330143261e+01
-2.219454133068211377e+00
-5.661286506074247882e+00
-1.569070828651456395e+01
-4.583982033879146911e+01
-3.490617108529113466e+01
-4.531703929495051852e+00
9.224261162875336595e+00
2.558858085089013912e+00
2.587564823584762053e+01
3.956752497189881979e+00
1.257235972073249286e+01
3.348262803803663701e+00
-3.313960265937248550e+01
-3.143954940809635445e+01
-7.111373807580093853e+00
5.512307273078477010e+00
5.742023800431525160e+00
2.763581918212730670e+01
4.058302456181081652e+00
5.197745151759590954e+00
-2.176389114785706624e+00
-3.192364306018862408e+01
-3.585513911790258135e+01
-7.882835687152692117e+00
3.861791535891825333e+00
5.669340374694911588e+00
3.033191882185565191e+01
1.561604952094057808e+00
-4.948268877287773648e+00
-1.429873415899601241e+01
-3.501397311647087918e+01
-3.115409561443448183e+01
-1.493416559519027942e+01
7.271058557671494782e-02
2.742810292987996945e+00
2.995840219991987396e+01
-1.006910029850405408e+01
-2.163165304387803189e+01
-2.583236205039429478e+01
-3.059805300905281911e+01
-2.627416226464583815e+01
-5.573202700230467599e+00
2.150569382763933390e+00
4.249323509384339559e+00
2.872711581869953079e+01
7.001094282815074621e+00
3.745393715107638855e+00
-3.316440322145354003e+00
-2.407155368497296877e+01
-2.470839576205253252e+01
-9.933944465054082684e+00
1.302116934763034806e+00
3.030601310935026049e+00
3.141024567597196437e+01
7.768252114961796906e+00
2.653631184832647705e+00
-6.805965554143767804e+00
-2.326165636625592015e+01
-1.819047067196152057e+01
-4.180255447685340187e+00
1.072524983617768157e+01
1.776046794415742625e+01
4.278129647339119401e+01
-1.430677592577558244e+01
-5.344681408932956401e+01
-5.769202269321249332e+01
-3.342216986110543075e+01
-2.021026051288572489e+01
8.003317696880912990e+00
2.689456805422378238e+01
3.826515991076303180e+01
6.540284619963495061e+01
3.624480657512322068e+00
-5.809492210079042707e+01
-8.943293563231418375e+01
-6.521725315502044396e+01
-1.875119618697499391e+01
-4.926823730769683607e+00
9.649993631563120289e+00
1.710996959284739205e+01
3.961080196618786431e+01
1.744429099333501654e+01
5.183042794407811016e+00
-9.011273574578808621e+00
-2.041691496435851150e+01
-2.138807012508186745e+01
-5.336871398758376017e-01
1.923547592632530723e+01
2.824805473784635979e+01
5.438907475622545462e+01
2.639156170383625977e+01
3.380962135997833684e-01
-3.303631834312909632e+01
-3.833269575725717004e+01
-3.252558836538082687e+01
3.858438160765217617e+00
2.633944758964844368e+01
4.409742970212391810e+01
7.903854642219084781e+01
2.940186732240908896e+01
-2.806606112420558929e+01
-9.511902352463948773e+01
-8.940879311186654377e+01
-4.647453686767039471e+01
3.633181283308658749e+00
3.835592471834752359e+01
6.324097230547340587e+01
9.906359015945781721e+01
5.771253319835523143e+01
9.422813420853344724e+00
-7.051082904385111760e+01
-8.793999638652894646e+01
-3.149048029665118520e+01
-2.834901490459742490e+00
1.990389659766424302e+01
2.976597610811586492e+01
5.664594855045106669e+01
2.832381683646190140e+01
-2.778312071925029159e+00
-4.715679743893269915e+01
-5.948086172796320170e+01
-3.775362165523074509e+01
3.062860162026481703e-02
2.891580195270944387e+01
4.496340610563220253e+01
7.080504718265547126e+01
4.584904778471536702e+01
1.224152818589936942e+01
-4.115793996704451274e+01
-6.196579719393048435e+01
-5.770884973238571547e+01
-1.137036544588045217e+01
2.240746365159793640e+01
5.135589201805851189e+01
9.087381540628030052e+01
4.846757688302295719e+01
7.894483335905533750e+00
-6.281434348014954594e+01
-9.271442915217085101e+01
-6.513602274327058694e+01
-1.857981173488224158e+01
2.085897306761034997e+01
5.588133770480635576e+01
9.032924795088013070e+01
4.977138417573587503e+01
1.436891723504959373e+01
-4.421492597624092014e+01
-7.942981213267194107e+01
-5.115914555324707180e+01
-1.293754370613896754e+01
1.946461847909085918e+01
4.074847543323005539e+01
6.954952256093747565e+01
3.986225022002327023e+01
1.284475745816598646e+01
-3.961816759033717972e+01
-6.780165617552484036e+01
-5.302489754423731938e+01
-1.734555958228884265e+01
2.205325076084409375e+01
5.249714557440142926e+01
7.014391174734373635e+01
4.351325187487850599e+01
1.894681856936040276e+01
-2.595168843267310876e+01
-6.341068694873683853e+01
-7.070179862882650923e+01
-2.818608859933738131e+01
9.849735402996884659e+00
4.520118480405017181e+01
8.133308618110470434e+01
4.420092615479734377e+01
1.195165010954588070e+01
-3.939306090965692420e+01
-7.870552555109679815e+01
-7.605254915109617286e+01
-3.189711058876127936e+01
4.500691115666995756e+00
4.358810107495537522e+01
7.619157710281979234e+01
4.448703730138731771e+01
1.608812584764382336e+01
-2.837089339160229429e+01
-7.248197931305912789e+01
-5.118470244306081440e+01
-1.866159529282231233e+01
1.748389755942116608e+01
4.678892416455346392e+01
6.505132839183170290e+01
3.762815996750396152e+01
1.581915201332230936e+01
-1.932295626441555214e+01
-5.284715622041403549e+01
-4.540077732270583510e+01
-9.952951683844730724e+00
2.073248553982921294e+01
4.150090133999583486e+01
6.246078316159037058e+01
3.797714967118372442e+01
1.954513207073614467e+01
-8.079886674080626108e+00
-4.221292482358694542e+01
-7.874440186372521566e+01
-3.577598632761510089e+01
-5.779538358809077181e+00
2.754246513197722379e+01
6.034359541174490005e+01
3.485944031329199788e+01
1.348361167442635633e+01
-2.581678786646079971e+01
-7.748870130958675873e+01
-7.533608007469592849e+01
-3.456114425646956079e+01
-2.429663972987327725e+00
2.810660949072916992e+01
5.696005401735556006e+01
4.080124574784713332e+01
2.380706068177823909e+01
-1.683871371060013189e+01
-6.657736136949461070e+01
-4.518924704648816260e+01
-1.161932871156386682e+01
1.487192221789155155e+01
3.039357990838470869e+01
4.959306632359221112e+01
2.645470972791008535e+01
1.644563611815829063e+01
-3.873049899249963346e+00
-3.853995348678290611e+01
-2.959160727361398813e+01
-5.203112174839588988e+00
1.742085157935798634e+01
3.494609110154851805e+01
5.289988188719144091e+01
3.843227366327482741e+01
2.895326859733904712e+01
6.194363852846436203e+00
-1.970171257263427833e+01
-8.330985133197100367e+01
-4.121100956297595985e+01
-8.798803829529788345e+00
1.689136085643986007e+01
4.197828718685559579e+01
2.937802525531151332e+01
1.444624753516472992e+01
-2.212553795797430212e+01
-7.469101737725941348e+01
-7.665021279638131091e+01
-2.708462609800699283e+01
1.135548561333416728e+01
3.098126548447180539e+01
5.653937169027631171e+01
4.235083515242877183e+01
2.347858853462093975e+01
-1.168127163575263694e+01
-6.789996577348938445e+01
-3.009755098098048620e+01
-7.549344158484018408e+00
1.305426866408379283e+01
2.300999649208097253e+01
3.859825068601639941e+01
2.516767884289220092e+01
1.749637453199829906e+01
-9.624753398093162104e-01
-2.737645823544244195e+01
-1.667167988264463929e+01
7.136218257219297811e+00
2.787292170037108008e+01
3.739823682778660441e+01
4.644107602022825176e+01
3.719182544001523638e+01
2.635773602704284713e+01
6.383777741568337660e+00
-2.091932701884798007e+01
-7.937291833048220724e+01
-2.619798626535339281e+01
1.118479208846110851e+01
2.366472009458084358e+01
4.737932500205351971e+01
3.210661736793190357e+01
1.657342508663259650e+01
-1.710057497079833411e+01
-7.796183563978411257e+01
-6.473966907208523480e+01
-1.084099394988152198e+01
2.292891706427326426e+01
3.423705989310838049e+01
5.496179635799489915e+01
3.594802385060756933e+01
2.185445890820119530e+01
-1.536766223314043600e+01
-6.651784650127410714e+01
-2.377424278996022622e+01
1.033550215403010952e+00
2.065795902902664238e+01
2.549697440174350049e+01
3.706125271812197752e+01
2.659658422154461732e+01
2.181886560382554308e+01
1.156680270481956541e+00
-2.816410404222187935e+01
-1.847892963820777368e+01
1.100108355010161176e+01
2.855904785403618007e+01
3.152675067519157892e+01
4.580285653842656757e+01
3.302894465008284897e+01
3.026856201527880330e+01
8.786942647609976120e+00
-2.028612194409652147e+01
-6.067799390889194910e+01
-1.044624143133842153e+01
1.494153595191892236e+01
2.345470071565523540e+01
3.985213375432067551e+01
2.522967100887763081e+01
1.112674661224446027e+01
-2.423157498711952940e+01
-7.167386550470473594e+01
-5.362004354382588645e+01
-1.141519636899829493e+00
2.340837135200854391e+01
2.878015721592964837e+01
4.252134036925781402e+01
2.641948155744466931e+01
1.153473597188713029e+01
-2.247506821276692790e+01
-6.111160574694076786e+01
-1.738119192472368013e+01
9.268465427579940297e+00
2.302869464590912685e+01
2.150949262731774070e+01
3.368829568444016331e+01
2.498543494839032064e+01
2.018085229187090590e+01
3.362868960619380232e+00
-2.192888411271633231e+01
-7.228447678277007071e+00
1.402169404505002603e+01
2.894325285729428288e+01
2.514063047366653336e+01
3.324972544741831371e+01
2.212612725986400619e+01
1.688986286861108965e+01
4.523594670088641578e+00
-1.676126233648392372e+01
-4.480490543962696393e+01
-2.408522034871566575e+00
2.060555648511217441e+01
2.035277776047223597e+01
3.750055790321493987e+01
1.902740445519157220e+01
7.474504415498813614e+00
-2.114487826459662756e+01
-5.604759088830178371e+01
-3.861148779331415426e+01
-7.824017615230332012e+00
1.191398852810380049e+01
9.747615269858215470e+00
2.223844955754611874e+01
8.868479283351916820e+00
3.461003989055825514e+00
-1.818371672132525418e+01
-4.266804021801362978e+01
-1.815158815083123045e+00
1.285084696501871804e+01
2.381243090219868463e+01
1.844205687416251749e+01
2.662103364190079446e+01
1.220458003356179688e+01
1.082948807094362564e+01
2.823426843448032741e+00
-1.061500067001361458e+01
1.607336255301561323e+00
1.434809085527376737e+01
1.717852899653371423e+01
1.231115915148984641e+01
1.872715261528765041e+01
7.874349758800235577e+00
8.643215693853562698e+00
3.887350729768513702e+00
-2.386047471708479861e+00
-1.893662365965155914e+01
-8.683897416107356548e+00
2.145854419009992853e+00
-3.585764169314643368e+00
5.556730460841208696e+00
-3.619011924252845347e+00
-2.475853041338268667e+00
-1.380699129860295216e+01
-2.142802686943468871e+01
5.705243718077781523e-01
-5.491221257690995117e+00
-8.558148442480160156e+00
-2.449664803646737710e+01
-1.221629599588050041e+01
-1.911872796705574729e+01
-3.955298739587306045e+00
-4.357477157787798205e+00
-9.627085227093630238e-01
1.268656638099128031e+01
1.107912049563753953e+01
9.889653802485554479e+00
2.954096286441199481e+00
8.479706511046970263e+00
2.020083681632513617e+00
9.571066610325942747e+00
8.054261630772089120e+00
1.110177051840491913e+01
2.658061317395186052e+01
2.010921422687533777e+01
8.654427742876578122e+00
-1.136278705607401207e+01
-2.389966017362894490e+00
-9.229635278461501002e+00
1.132568282125794212e+01
1.724555949285240786e+01
2.428052265461883508e+01
1.195162760985476780e+01
-2.839350649453990627e+00
-1.884136479590961244e+01
-4.523380460654152557e+01
-3.583640070343972184e+01
-3.080498908527806634e+01
-3.621390363128739409e+00
5.448969394361483864e+00
1.177575225615328236e+01
2.975531509812026343e+01
1.989925073032100045e+01
7.933738094814543729e+00
-1.371432137870579027e+01
-1.038619141692470293e+01
-5.882199520958238281e+00
1.557775858724198770e+01
2.722413011416301742e+01
3.173985624538909178e+01
2.586087544680140127e+01
1.571158338348504913e+01
-1.778260429891815875e+00
-3.038651976577239111e+01
-2.252543865591724170e+01
-2.451733004621928558e+01
3.273389036941807717e+00
1.660883408263907768e+01
2.308328177209841670e+01
3.046073062208552074e+01
2.706859134197111416e+01
1.554626051749801263e+01
-7.335121598516707309e+00
-4.496654512651730329e+00
-7.732497518707532436e+00
1.776297032303409651e+01
2.821117251253599534e+01
3.150288920218008570e+01
1.077420183540380094e+01
1.226951519062276930e+01
5.311787529011780862e+00
-1.448782261247652059e+01
-9.456487751348504389e+00
-1.627134198631392792e+01
3.750717597973562079e+00
1.766913593174103880e+01
1.185664931092014740e+01
8.165396739961579442e+00
2.184106790314490354e+01
1.055718256454747461e+01
-4.484082741138990968e+00
5.004513550171395764e+00
-7.079873216058331309e+00
7.441691556101432070e+00
1.908416321318691189e+01
6.396752795844804496e+00
1.092913379306310162e+01
1.457005751053657150e+01
4.976875750202452764e+00
-1.310880933422595263e+01
-6.221568819368258119e+00
-1.876118239731295034e+01
2.025155692404950969e+00
1.604742405519209569e+01
1.024164544723680592e+01
2.438391362600668799e+00
2.281262885422620457e+01
1.069722012805868872e+01
-1.862566095549482270e+00
6.153158058179542422e+00
-9.894331644682097249e+00
6.145786342699466331e+00
1.913019046478439122e+01
1.154711445698922034e+00
-2.975668958161259070e+01
6.086598403624975617e+00
9.392633063471294008e+00
-3.397097246157500194e+00
1.474989882064619451e+01
-4.553986715207429370e+00
1.081306759574363241e+01
3.390334884814365068e+00
-3.058885245563578792e+01
-3.234915768460632535e+01
4.937753466056165053e-01
8.610759958100970834e+00
-3.906599996062141145e+00
1.677636341439210810e+01
-3.941946676894076518e+00
1.208971305926388595e+01
5.132778033379508997e+00
-3.069409331489441684e+01
-2.595828620902284456e+01
4.541641095554950880e+00
8.935294206879916601e+00
-1.038460106965885643e+00
1.330472919451131020e+01
-6.008404796441936924e+00
8.085171548598736990e+00
-2.659342524493695237e+00
-2.945127872219200071e+01
-3.313496720286639174e+01
-2.425614505189514603e+00
6.315297903485770803e+00
-1.466601225416525267e+00
1.466211649181786925e+01
-2.058253050614439417e+00
8.627211194972915109e+00
-9.621473305742256343e-02
-3.338449520787980873e+01
-3.417131274669372942e+01
-5.939011617459073022e+00
4.062023203528951854e+00
1.314438426779815927e-01
2.325354664885253442e+01
3.444345749539934332e+00
1.215455537742673187e+01
4.374423310357087757e+00
-3.140040899973973865e+01
-3.106966490246850299e+01
-7.861621012089017313e+00
1.935043893674446736e+00
4.975083602021186380e+00
2.657181094264433341e+01
3.149804665725241648e+00
7.063393243312020786e+00
-2.431673929822864011e-02
-3.140181053390324450e+01
-3.780593866759772936e+01
-1.052403237528778845e+01
-3.388606162807263900e-01
-1.677641197889897740e+00
2.005759076954564080e+01
3.752805675598210655e+00
8.603750533598940820e+00
7.308121815144659195e-01
-3.507894439429219346e+01
-3.705940089728574094e+01
-1.821859400354878744e+01
-5.019001237245902303e+00
4.921844054395478452e+00
2.181770417437655851e+01
8.670969908431288786e+00
7.875359611702151597e+00
-3.164028621362376725e+00
-3.587298481477773748e+01
-2.775720289643049910e+01
-1.116657945041333733e+01
-2.113502461957978085e+00
7.120296507164312061e-01
2.590050073967722710e+01
3.541069393366342410e+00
1.936712285736575723e+00
-1.977420923554745968e+00
-2.422929066336382675e+01
-2.488290621721534990e+01
-1.239580659059993195e+01
-2.929707642440916970e+00
1.668005820754842716e+00
2.766116820971933521e+01
9.528818272705393611e+00
7.063871571813251649e+00
-2.599374895689834375e+00
-2.030586278845885317e+01
-3.490710258589570003e+01
-1.632951990488800220e+01
-5.517244950844542473e+00
6.949538347125781002e-01
2.205500127433333546e+01
4.509351206948849722e+00
3.773800031960490742e+00
-4.274796456047624815e+00
-3.072052117666498816e+01
-3.071708273000695044e+01
-1.650154646561895788e+01
-7.108729000814491883e+00
-1.716614699031197233e+00
2.293097156586009078e+01
9.555013188107295719e+00
4.678502211039813119e+00
-5.341043545769935008e+00
-2.494015393227164168e+01
-2.682453451368201058e+01
-1.712623818853353441e+01
-5.567758196113572922e+00
-8.039251066147699021e-01
2.523871989130566362e+01
7.992387597900233231e+00
4.307365690008737147e+00
-9.287024574790848419e+00
-2.367834737797966227e+01
-2.849680651529342867e+01
-1.664509557341807522e+01
-8.000319241400575265e-01
7.853394047793699428e+00
3.461944678515283158e+01
1.683097294070830685e+01
7.326808719524706248e+00
-1.271344531790236942e+01
-2.913218947830318939e+01
-2.869057141875509842e+01
-1.740759256308592740e+01
-8.115450503086321987e+00
-8.428929193923977436e-01
2.244549854856450111e+01
7.812237046302470844e+00
1.392678781201539095e+00
-9.335248589755792636e+00
-2.415692993989978277e+01
-2.539734732091164915e+01
-1.326220238364294346e+01
-5.743735981195641216e-01
8.586631875132297864e+00
3.090173118817619979e+01
1.809708729966405372e+01
1.166446544670088770e+01
-3.138312795192177873e+00
-2.171181261075753355e+01
-3.619861507098357833e+01
-2.175116258288903737e+01
-3.475511252331600076e+00
4.526081679123535650e+00
2.553259186906507239e+01
1.096137145220984621e+01
-2.513512902150978334e+00
-2.394949982968682889e+01
-4.289798858589711017e+01
-3.807588806652529456e+01
-1.665509262714112992e+01
8.208645830658497289e+00
2.064659618229779880e+01
4.035457244231201912e+01
2.488211589846105198e+01
7.159930572641314939e+00
-2.053293553980256547e+01
-3.904074008163661347e+01
-2.687725259405124234e+01
-1.469687425234405964e+01
-3.301067831220279913e+00
5.098130676478831447e+00
2.489900943834800273e+01
1.481499795804484165e+01
1.106054819272685563e+01
-3.253571897890651599e+00
-2.249184689037792850e+01
-2.383226738531448063e+01
-6.644688395543198567e+00
9.258095006283838302e+00
1.969217178170947591e+01
3.265828670281916857e+01
2.733312851836672053e+01
2.084457851860588562e+01
4.499969366792356595e+00
-1.907233631399139995e+01
-4.546503128777385427e+01
-2.034729752634302713e+01
5.384900580276735127e+00
1.754440670094800225e+01
3.915277076555003077e+01
1.780954320903401822e+01
8.012578302645124495e+00
-2.403527669906179653e+01
-4.934757559081572253e+01
-4.330405842314939946e+01
-1.998680019847233780e+01
1.035714433108933008e+01
2.471887770126522810e+01
4.069281708315537571e+01
2.090773052955501043e+01
1.211206940171723545e+01
-1.386930449109058827e+01
-4.714024012997288082e+01
-2.858567530063737649e+01
-7.232916881170240231e+00
8.601356419982039370e+00
1.822483460961666424e+01
3.601211477385368198e+01
2.020522002441430232e+01
1.750694894509069854e+01
2.283781149340939010e+00
-2.430568786349431321e+01
-1.921820377876429120e+01
-2.220570403114834335e+00
1.607397681200745865e+01
2.166316656699609666e+01
3.546399964077863842e+01
2.323801897227531299e+01
2.211636072880719439e+01
8.470061234518652782e+00
-2.058880740058702941e+01
-4.162913739931536838e+01
-1.940242403448792174e+01
5.693210875015211059e+00
1.750492551888510206e+01
2.883642389038141118e+01
1.225989911988540371e+01
5.451431619962932018e+00
-1.397258718013472389e+01
-4.406403072812463506e+01
-3.431325482272950467e+01
-1.122151660820236430e+01
1.478615087678190321e+01
1.763485121461690142e+01
2.987017281600856222e+01
1.192029112927957613e+01
7.261870588983583730e+00
-9.905578022051486187e+00
-3.295483331130526494e+01
-1.769986947629513452e+01
-3.873210155128617771e+00
1.159031611601312761e+01
1.652376849601569120e+01
3.004108865739544854e+01
1.240972338693723032e+01
1.434514887273689965e+01
5.305277357876548194e+00
-1.770798943989075269e+01
-1.315152282368944725e+01
1.866328925290872576e+00
2.344315012686274713e+01
2.364870727223024005e+01
2.913421170815126970e+01
1.177234806401247624e+01
1.655029800543661622e+01
5.219951531325932592e+00
-1.078559528823097935e+01
-3.742898742717534333e+01
-1.808363649641978554e+01
6.330502127151703462e+00
7.532754252257291228e+00
2.124963866348116426e+01
4.179422440010966966e+00
3.358971749294141773e+00
-1.069055173838205519e+01
-3.594939018893728644e+01
-2.739662961605836244e+01
-9.993209168635075912e+00
1.403260468540247530e+01
1.658028623161953874e+01
3.153372785233659670e+01
1.608732707633680548e+01
1.159459795465227216e+01
-2.226668045947008068e+00
-2.162468635397544858e+01
-1.593772127992724563e+01
5.081564899883233011e-01
1.706945245387760224e+01
1.214072281672997633e+01
2.045114815200213343e+01
3.142877424586913548e+00
8.693493161645164946e+00
-2.822432035347446799e+00
-1.476719032019809674e+01
-1.219572690240192969e+01
3.762667227623751387e+00
2.324880802226471133e+01
2.168022240266873268e+01
2.607131192472297698e+01
1.401200185311108726e+01
1.266219486447516829e+01
2.616995186261192430e+00
-1.255691936504808837e+01
-2.905508754144284467e+01
-1.085403751611011103e+01
8.703610172204207629e+00
8.825886843407715787e+00
2.179203570624986241e+01
6.808993734684918309e+00
2.955851253238506615e+00
-4.283941918431082740e+00
-2.757944567100639688e+01
-1.864086137816775590e+01
-3.212704158446285874e+00
1.775502186323865317e+01
1.961249393716661871e+01
2.438473195708411367e+01
1.374717961801661659e+01
8.585188778306473978e+00
3.611027084225497674e-01
-1.910169054527068511e+01
-1.906008493849367369e+01
-8.628502813544400851e-01
1.696061037185427267e+01
1.386454369502644113e+01
1.878242538205813617e+01
6.290351484451093711e+00
3.470593654157710262e+00
-5.424208008589630481e-01
-1.941208606492000399e+01
-1.354777481586370413e+01
6.195582638480118476e+00
2.537457142843049951e+01
2.536485044224536978e+01
2.614254028862342238e+01
1.395498226227573468e+01
1.395273788930353476e+01
2.867734342642506817e+00
-1.387413141678189277e+01
-2.268441721386943755e+01
-3.626614814275853860e+00
1.162621697512076935e+01
1.098006833964609541e+01
1.963261771660472732e+01
8.423428322093968745e+00
7.630540658545214683e+00
-5.633395473822019994e+00
-2.611464609525137348e+01
-2.258495679117322652e+01
2.469354688975727186e+00
1.778667615653830580e+01
1.532884265839948057e+01
2.766412857627710764e+01
1.439153222903723872e+01
1.708669750561239198e+01
1.480714243109105155e+00
-2.205713470605087423e+01
-1.889343094959076552e+01
4.345047863298532320e+00
1.907952384559030179e+01
1.530507343811041210e+01
2.213129883416695520e+01
9.319986605165468063e+00
1.212724532622814877e+01
-4.147018478339305148e+00
-2.249534398931427859e+01
-1.948858863249188289e+01
6.232355148407805245e+00
2.117139468774985289e+01
1.906278841828088844e+01
2.422739860008005053e+01
1.959873880911072774e+01
2.005825013084904640e+01
2.950807437155162916e+00
-2.158947257586987689e+01
-2.086214375095914875e+01
8.880103494102513650e-01
1.303814337079893448e+01
7.986793506081085070e+00
1.574425752271872625e+01
7.516767124837997471e+00
1.125807986366271507e+01
-2.211641650697856676e+00
-2.321466992280238628e+01
-1.201158438117909100e+01
-7.628544773519934097e-01
1.598975875223914045e+01
1.349577272577153053e+01
1.974024863242811989e+01
8.364981913211522624e+00
5.956235242572802235e+00
-2.212801765650510788e+00
-1.601336747966706753e+01
-1.933065556875772018e+01
-1.208097836683919013e-01
1.722775573279068340e+01
1.194187308318578289e+01
1.722735629248199984e+01
1.135859730123047484e+01
1.293154707685971516e+01
1.944907943267025985e+00
-1.883240128286161053e+01
-1.031355211352638435e+01
2.488223729505989468e+00
1.788523401098609611e+01
2.021129860231303610e+01
2.465656905432115309e+01
1.360474722380513413e+01
1.102521511260783882e+01
2.831214834318870999e+00
-1.307884687669866253e+01
-6.056803832148943911e+00
1.831777916522696614e+00
1.268054791854228824e+01
6.207497841955955664e+00
1.321865329639695119e+01
2.024621580174425617e+00
4.489409235116909258e+00
3.422462379676289856e-01
-8.629484353877842295e+00
-3.346796389516384806e+00
5.984569629596080631e+00
9.022310336804366671e+00
4.300565819830808323e+00
1.168356111194589175e+01
4.034038233930914430e-01
4.103396294784033671e+00
2.761154237694427138e+00
-2.249153514976569568e+00
-7.337851965429308621e+00
2.065921167826672900e+00
1.474970229500650021e+01
1.063251494943688158e+01
1.739635969506343827e+01
6.810770590891479515e+00
6.909170969855040312e+00
1.148606171896972228e+00
-7.991267810826684581e+00
-5.563585104057438002e+00
1.748734959466673899e+00
1.171213311686733505e+01
8.447418349125655368e+00
1.361400806746678427e+01
4.620253218978177756e+00
8.968234859858057462e+00
2.847828237497196824e+00
-6.113369999697169987e+00
5.533804874914494576e+00
5.419871679456264246e+00
1.830946781061356887e+00
-6.461553360582911409e+00
1.543524049353436567e+00
-7.465852981888019713e+00
1.659714288092800416e+00
1.766301552970617195e+00
4.257849028605050989e+00
1.667877625179971801e+01
1.265458957242299221e+01
3.051191797829233110e+00
-1.739150182704543113e+01
-1.066227090934989974e+01
-1.716511223150882870e+01
2.505372247294872068e+00
9.183631507119571324e+00
1.463634933648427250e+01
2.383347904900347203e+00
3.168485575897648232e+00
5.550353366092167562e+00
-2.431958513567224145e+00
4.298965183665131917e+00
-2.260197879339102656e+00
6.583484524876439536e+00
2.866297214191490639e+00
4.493208861669700127e+00
1.772374171749834204e+01
8.625506381686136592e+00
4.577420885208994150e+00
-1.057055509943165816e+01
-5.547259638566174544e+00
-9.376599335344508290e+00
5.132639270592335379e+00
1.190978609708872682e+01
2.038057325386034790e+01
2.117868796501079487e+01
1.110309165298531298e+01
-8.490465633294661529e-01
-2.816777423027087934e+01
-2.727279617018939462e+01
-2.466747724493325222e+01
1.577875936636701226e+00
1.249111650691975228e+01
1.966222163908241782e+01
2.700487365406297613e+01
2.299859722641485860e+01
1.136159189419413451e+01
-1.048512801536890038e+01
-1.430325519309553783e+01
-1.465566335112089291e+01
1.220980232644433272e+01
2.281351482596619462e+01
2.783700104987292434e+01
2.295299257346778177e+01
8.003503425670714932e+00
8.446338364046823699e-01
-2.326292381546227261e+01
-2.101193086802959442e+01
-2.359773283874528715e+01
2.074848619677140960e+00
1.419808381601615110e+01
2.378789636463625357e+01
3.273196568081334590e+01
2.461871564955799840e+01
1.304582158410312331e+01
-1.146412520667217905e+01
-1.263874816533643752e+01
-1.434248802008005441e+01
1.157136625783095951e+01
2.392181046481346129e+01
3.124177365613650181e+01
1.182409193524654256e+01
1.591845297356485389e+01
5.372248090799985221e+00
-1.154597960048704408e+01
-6.641006044137611752e+00
-1.695019548292475520e+01
3.110891903124866076e+00
1.513246820899712475e+01
1.184183299278265622e+01
4.279029159952187911e+00
1.908885887409996940e+01
1.021039961905626114e+01
-3.540744772908510640e-01
7.224626840790733695e+00
-6.912548663363850210e+00
5.358540200395509601e+00
1.790906156562050455e+01
2.800451657763915136e+00
1.670534116340240871e+01
1.903135656761332939e+01
6.546553442242839083e+00
-1.281844834207367967e+01
-6.660656025123898871e+00
-1.646739607173367403e+01
2.917752137400384527e+00
1.572739775347235991e+01
1.494720173648966011e+01
3.925532319059129804e+00
1.688125687130013830e+01
5.463459563041396905e+00
-9.987171789830426860e-01
8.277653486955387052e+00
-6.174461426872767333e+00
5.662043059593997896e+00
1.684298511148517719e+01
3.512465160514693707e+00
7.097264110699024887e-37
