-1.006744429469108582e-01
-1.840242296457290649e-01
-1.407732516527175903e-01
1.683643460273742676e-01
5.274847894906997681e-02
1.061909273266792297e-01
-2.400286644697189331e-01
-1.767415739595890045e-02
1.768359541893005371e-01
3.824841976165771484e-02
-1.189324185252189636e-01
-1.255296170711517334e-01
4.499605856835842133e-03
3.915726020932197571e-02
1.368964463472366333e-01
3.777704387903213501e-02
-2.577250706963241100e-04
2.322318702936172485e-01
1.247516945004463196e-01
-1.732892729341983795e-02
2.913757413625717163e-02
1.060070693492889404e-01
-4.266057163476943970e-02
7.725888490676879883e-02
-1.119386255741119385e-01
1.221271827816963196e-01
2.267707586288452148e-01
9.364847093820571899e-02
-2.416294254362583160e-02
-1.071153208613395691e-03
5.338397994637489319e-02
2.014733403921127319e-01
1.491623371839523315e-02
2.052732557058334351e-02
-1.636808738112449646e-02
1.518623381853103638e-01
8.730361610651016235e-02
-2.020972408354282379e-02
8.548886328935623169e-02
1.666871248744428158e-03
-1.530726104974746704e-01
3.131643310189247131e-02
-3.565801307559013367e-02
3.000474162399768829e-02
1.374723017215728760e-01
1.411649025976657867e-02
-6.168437376618385315e-02
1.302997767925262451e-01
7.292526960372924805e-02
-1.077238246798515320e-01
2.795904316008090973e-02
3.447184711694717407e-02
-1.581633649766445160e-02
-3.613908216357231140e-02
-3.827119246125221252e-02
-8.094792068004608154e-02
1.844192296266555786e-02
1.675790995359420776e-01
3.597358707338571548e-03
-2.689887396991252899e-02
-8.215527981519699097e-02
-4.804708063602447510e-02
3.795090690255165100e-02
-1.738705299794673920e-02
-2.456040680408477783e-01
-5.454114824533462524e-02
1.426922380924224854e-01
8.824942260980606079e-02
1.216357499361038208e-01
7.292596250772476196e-02
4.663774743676185608e-02
1.380841135978698730e-01
5.305238813161849976e-02
-1.961772888898849487e-01
-7.305990904569625854e-02
-1.562491990625858307e-02
-1.979992166161537170e-02
1.432577669620513916e-01
9.788072854280471802e-02
7.851741462945938110e-02
5.026008561253547668e-02
1.448912769556045532e-01
-7.562050223350524902e-02
6.856834888458251953e-02
4.159225896000862122e-02
5.445435270667076111e-02
2.135184854269027710e-01
8.259250223636627197e-02
8.348666131496429443e-02
1.769169867038726807e-01
8.527155965566635132e-02
-1.348472535610198975e-01
-3.701251000165939331e-02
4.353883862495422363e-02
-7.372724264860153198e-02
1.125197410583496094e-01
6.461376696825027466e-02
7.226638495922088623e-02
-2.039898186922073364e-02
1.377240866422653198e-01
-5.378196015954017639e-02
6.870175153017044067e-02
1.078429594635963440e-01
-1.573569923639297485e-01
-7.034750282764434814e-02
-1.009069681167602539e-01
4.045097157359123230e-03
-3.681202232837677002e-02
8.934880793094635010e-02
1.792068034410476685e-01
1.370154619216918945e-01
-3.745388984680175781e-02
7.459576427936553955e-02
1.210819780826568604e-01
4.299717396497726440e-02
-4.648210108280181885e-02
2.692756429314613342e-02
-2.123794890940189362e-02
-6.530992686748504639e-02
3.275600820779800415e-02
-1.242106407880783081e-01
4.389481991529464722e-02
1.674083173274993896e-01
-1.287333220243453979e-01
-4.059965908527374268e-02
-8.074158430099487305e-02
-2.228828892111778259e-02
-9.721866250038146973e-02
-1.793699711561203003e-02
1.309856623411178589e-01
1.357345096766948700e-02
-3.802305459976196289e-02
-8.858937025070190430e-02
6.385616958141326904e-03
-4.258450493216514587e-02
-2.463373355567455292e-02
-2.035228759050369263e-01
-1.204898953437805176e-01
-5.984492227435112000e-02
-5.677047371864318848e-02
9.002609550952911377e-02
-1.379557102918624878e-01
4.012997448444366455e-02
-6.759838014841079712e-02
-3.543705213814973831e-03
1.341733187437057495e-01
1.299299001693725586e-01
-4.754907637834548950e-02
9.929745644330978394e-02
1.598428785800933838e-01
8.491805940866470337e-02
8.229986578226089478e-02
-6.179181113839149475e-02
-1.425110455602407455e-02
1.362844835966825485e-02
-1.520173400640487671e-01
-2.429872304201126099e-01
6.539960205554962158e-02
-5.603881180286407471e-02
-1.930603832006454468e-01
-2.036481797695159912e-01
1.968930475413799286e-02
-1.895481348037719727e-02
3.362895920872688293e-02
7.227379083633422852e-02
7.087703049182891846e-02
4.024636000394821167e-02
1.014791652560234070e-01
3.489232063293457031e-02
3.693355917930603027e-01
-7.836946099996566772e-02
-1.622881740331649780e-01
-5.118166655302047729e-02
-9.644787013530731201e-02
-2.003962099552154541e-01
1.128340363502502441e-01
3.643865138292312622e-02
7.461904734373092651e-02
8.692456781864166260e-02
2.484812401235103607e-02
9.478013217449188232e-02
3.180121630430221558e-02
-9.103348106145858765e-02
5.242247506976127625e-02
6.071557477116584778e-02
7.868298143148422241e-02
-2.930403873324394226e-02
-6.978776305913925171e-02
1.284617930650711060e-01
-1.245734617114067078e-01
4.634221643209457397e-02
-8.565376698970794678e-02
-1.202844083309173584e-02
-6.256689131259918213e-02
-1.036011278629302979e-01
-9.255601465702056885e-02
2.088608779013156891e-02
-2.304258942604064941e-02
1.631251536309719086e-02
9.784027189016342163e-02
1.055068708956241608e-02
3.055207245051860809e-02
1.721808165311813354e-01
1.497215777635574341e-01
-2.634373120963573456e-02
-1.001690626144409180e-01
-1.092388778924942017e-01
-8.464168757200241089e-02
1.114130988717079163e-01
1.746308431029319763e-02
1.593550145626068115e-01
1.813823916018009186e-02
5.141641944646835327e-02
-3.332066815346479416e-03
-9.600464254617691040e-02
-1.574937254190444946e-01
-3.339093178510665894e-02
9.142522513866424561e-02
6.842680275440216064e-02
1.369318962097167969e-01
-1.679077446460723877e-01
-1.732271015644073486e-01
-8.556561172008514404e-02
1.291466057300567627e-01
1.137318462133407593e-02
-2.540792822837829590e-01
-8.988311886787414551e-02
-5.159495025873184204e-02
9.437597543001174927e-02
-1.074196770787239075e-01
-4.069961607456207275e-02
-1.339351832866668701e-01
-3.018211759626865387e-02
-7.409696280956268311e-02
2.190008759498596191e-02
-8.623613417148590088e-02
-5.379322543740272522e-02
8.964999765157699585e-02
1.019042804837226868e-01
4.240111261606216431e-02
6.418473273515701294e-02
2.455417811870574951e-01
3.495164960622787476e-02
9.725072979927062988e-02
-6.896476447582244873e-02
-6.784725934267044067e-02
-2.774697169661521912e-02
-2.954004891216754913e-02
2.185113541781902313e-02
-1.557158827781677246e-01
-3.618004173040390015e-02
-2.008971013128757477e-02
-1.363111734390258789e-01
-1.105681760236620903e-03
1.203988213092088699e-03
1.047286242246627808e-01
7.106398791074752808e-02
1.875879317522048950e-01
-1.261905878782272339e-01
-2.120374701917171478e-03
-1.360114756971597672e-02
-9.359677881002426147e-02
-7.827772200107574463e-02
-2.313600033521652222e-01
-1.841444671154022217e-01
1.387229468673467636e-02
6.233602762222290039e-02
-1.284548938274383545e-01
1.019402593374252319e-02
-1.111356765031814575e-01
1.360273212194442749e-01
1.749036461114883423e-01
1.727848500013351440e-01
1.563378870487213135e-01
-1.016757115721702576e-01
1.740613020956516266e-02
-5.163814499974250793e-02
8.677940815687179565e-02
5.722092837095260620e-02
1.933631300926208496e-01
-4.574139416217803955e-02
-1.069020032882690430e-01
-9.036753326654434204e-02
3.189529851078987122e-02
4.456531628966331482e-02
3.509619459509849548e-02
5.900307744741439819e-02
-4.655758291482925415e-02
-1.350911259651184082e-01
-9.961229562759399414e-02
-1.052127704024314880e-01
-9.087922424077987671e-02
-1.116633191704750061e-01
-2.191342264413833618e-01
-4.667426273226737976e-02
-7.564184069633483887e-02
-4.113717004656791687e-02
-8.620425313711166382e-02
7.507751882076263428e-02
-1.121169701218605042e-02
1.220680996775627136e-01
-5.180184543132781982e-02
-1.679708659648895264e-01
6.431263685226440430e-02
-6.699922028928995132e-03
-1.260038316249847412e-01
1.096450909972190857e-01
-1.190593987703323364e-01
8.321388065814971924e-02
-7.576550543308258057e-02
-2.371282130479812622e-02
-4.256587475538253784e-02
7.061342149972915649e-02
-4.113606736063957214e-02
-1.702678948640823364e-02
-1.282970905303955078e-01
-1.576964557170867920e-01
1.046514511108398438e-01
1.672086119651794434e-01
8.106481283903121948e-02
2.631184831261634827e-02
8.652098476886749268e-02
-9.404077380895614624e-02
-2.715514041483402252e-02
-1.507067382335662842e-01
6.764430552721023560e-02
-1.173902750015258789e-01
6.809326261281967163e-02
-1.039157360792160034e-01
-1.552827954292297363e-01
-4.095242917537689209e-02
1.600139141082763672e-01
-2.314045839011669159e-02
1.429592221975326538e-01
-5.186183005571365356e-02
-2.944554984569549561e-01
-1.967726275324821472e-02
-7.153716683387756348e-02
-2.571438672021031380e-03
-4.186824709177017212e-02
7.348801940679550171e-02
-1.060522347688674927e-01
-1.118195503950119019e-01
-2.176141552627086639e-02
1.684045940637588501e-01
1.328547298908233643e-01
9.440714493393898010e-03
2.644865401089191437e-02
6.459596008062362671e-02
1.385910660028457642e-01
-6.321051623672246933e-04
-9.052602201700210571e-02
-6.848733872175216675e-02
-3.690258041024208069e-02
1.225019097328186035e-01
-4.111941903829574585e-03
-7.511566579341888428e-02
1.133174896240234375e-01
3.259202837944030762e-02
7.652769237756729126e-02
5.168851837515830994e-02
1.689531840384006500e-02
-4.547368735074996948e-02
4.428661987185478210e-02
-3.017851617187261581e-03
-2.938291803002357483e-02
-5.354218557476997375e-02
3.094226121902465820e-02
-1.377155538648366928e-02
-1.800927147269248962e-02
-1.129961833357810974e-01
-5.563358962535858154e-02
8.971656113862991333e-02
-1.373502463102340698e-01
-6.089193373918533325e-02
7.807111833244562149e-04
7.393249869346618652e-02
-1.366166174411773682e-01
-9.374449402093887329e-02
-8.257643133401870728e-02
4.150587320327758789e-02
-1.070861425250768661e-02
-1.152669787406921387e-01
-4.487457498908042908e-02
1.364859491586685181e-01
4.743164032697677612e-02
-4.301322996616363525e-02
-1.066702157258987427e-01
-1.163472682237625122e-01
-2.106503956019878387e-02
1.832879707217216492e-02
2.301785908639431000e-02
1.929426915012300014e-03
-6.495565921068191528e-02
5.383846350014209747e-03
-1.295196563005447388e-01
4.185961093753576279e-03
8.726713247597217560e-03
3.494284301996231079e-02
1.345141232013702393e-01
-1.141481921076774597e-01
-2.261446565389633179e-01
-1.057635992765426636e-01
-3.358937799930572510e-02
-1.805262174457311630e-03
-4.592478275299072266e-02
4.889934882521629333e-02
4.540300741791725159e-02
-4.700561985373497009e-02
-1.274136453866958618e-01
8.803149312734603882e-02
-7.999795675277709961e-02
-6.552061438560485840e-02
-4.743403941392898560e-02
2.490258216857910156e-02
-3.398924320936203003e-02
-1.330944802612066269e-02
1.113342791795730591e-01
9.880463778972625732e-02
2.857892541214823723e-03
-1.404880136251449585e-01
5.136451870203018188e-02
-2.750111743807792664e-02
6.756475567817687988e-02
-6.082566082477569580e-02
-1.656781882047653198e-02
4.811259731650352478e-02
1.280051767826080322e-01
1.477110683917999268e-01
-1.896523986943066120e-03
-9.572423994541168213e-02
-2.983537130057811737e-02
-6.077199801802635193e-02
5.714524909853935242e-02
1.119941696524620056e-01
1.052008122205734253e-01
-1.280561927706003189e-02
1.454588621854782104e-01
-5.150589719414710999e-02
2.149521373212337494e-02
-7.680320739746093750e-02
-1.959496140480041504e-01
-1.366173624992370605e-01
1.077529415488243103e-02
-1.202052738517522812e-02
1.008642986416816711e-01
-8.236571401357650757e-02
-1.203752085566520691e-01
1.237562671303749084e-01
-1.509290933609008789e-01
3.436414152383804321e-02
5.895446985960006714e-02
-1.097076013684272766e-01
1.363572943955659866e-02
4.820256680250167847e-02
2.250020802021026611e-01
1.203955113887786865e-01
5.692007020115852356e-02
-2.544516511261463165e-02
-3.818187117576599121e-02
-1.448618322610855103e-01
4.643976688385009766e-02
1.487576682120561600e-02
2.371548302471637726e-02
5.654579401016235352e-02
-3.314805403351783752e-02
-5.537694669328629971e-04
5.679124151356518269e-04
3.340989584103226662e-03
5.105276778340339661e-02
7.298278808593750000e-02
-1.818450987339019775e-01
4.590814560651779175e-02
8.505308069288730621e-03
-1.113930866122245789e-01
1.228117868304252625e-01
7.094235718250274658e-02
6.012961640954017639e-02
5.273180082440376282e-03
-7.700949162244796753e-02
2.632981166243553162e-02
2.280010282993316650e-02
-2.801054529845714569e-02
-2.167401760816574097e-01
-1.404589712619781494e-01
-2.711395546793937683e-02
-4.707280173897743225e-02
1.581424660980701447e-02
2.422702312469482422e-01
-7.024402171373367310e-02
2.668664976954460144e-02
8.702640235424041748e-02
-1.662275642156600952e-01
-1.091331019997596741e-01
5.455541610717773438e-02
-3.703574836254119873e-02
-1.875711604952812195e-02
-4.764835909008979797e-02
-6.599073112010955811e-02
4.673029761761426926e-03
2.097003161907196045e-02
-9.399232268333435059e-02
-4.690363258123397827e-02
1.001513898372650146e-01
4.478070884943008423e-02
6.987790763378143311e-02
-1.176587343215942383e-01
4.586793854832649231e-02
-1.134509146213531494e-01
-2.709140814840793610e-02
-1.818728446960449219e-01
-3.929977118968963623e-02
5.616419017314910889e-02
7.867946289479732513e-03
1.985862664878368378e-02
1.220062598586082458e-01
7.463859021663665771e-02
-2.805357277393341064e-01
4.344182834029197693e-02
-1.980682313442230225e-01
4.071975126862525940e-02
1.200682483613491058e-02
9.160440415143966675e-03
-1.903808563947677612e-01
-9.207737445831298828e-02
7.943482697010040283e-02
-4.350489750504493713e-02
3.855613246560096741e-02
3.802410140633583069e-02
-4.601884260773658752e-02
2.222365140914916992e-02
-5.168331041932106018e-02
-1.877339631319046021e-01
1.251972932368516922e-02
1.431396901607513428e-01
-1.322480291128158569e-01
5.867342650890350342e-02
-1.724574267864227295e-01
-4.654645547270774841e-02
-2.158355712890625000e-02
1.739555299282073975e-01
5.711421743035316467e-02
-8.101250045001506805e-03
1.801020503044128418e-01
1.764113157987594604e-01
7.365970313549041748e-02
2.194704115390777588e-02
1.081415563821792603e-01
2.062785476446151733e-01
1.218985170125961304e-01
2.476785480976104736e-01
1.682533919811248779e-01
1.494911909103393555e-01
-1.016259659081697464e-02
-9.829837828874588013e-02
-3.884869068861007690e-02
-6.042417138814926147e-02
-8.776319772005081177e-02
4.302940797060728073e-03
-1.673491448163986206e-01
-1.584148406982421875e-01
-1.495674252510070801e-02
-1.345575042068958282e-02
7.069268822669982910e-02
-2.542421920225024223e-03
-2.901387400925159454e-02
5.799420177936553955e-02
3.937534615397453308e-02
-1.607712358236312866e-02
3.253409266471862793e-02
-1.542661190032958984e-01
5.149646475911140442e-02
1.149774640798568726e-01
2.783823199570178986e-02
-3.824850171804428101e-02
-2.597195841372013092e-02
-1.461002677679061890e-01
-3.880380187183618546e-03
1.618399769067764282e-01
2.043657004833221436e-01
-1.964295841753482819e-02
-1.255943924188613892e-01
-8.992291986942291260e-02
-9.113570302724838257e-02
1.013042312115430832e-02
-8.377438783645629883e-02
-9.838918596506118774e-02
-4.215166717767715454e-02
1.123781576752662659e-01
-7.899198681116104126e-03
4.352175444364547729e-02
8.973845839500427246e-02
1.189351826906204224e-01
1.656095683574676514e-01
8.466368913650512695e-02
-4.675329104065895081e-02
2.120066434144973755e-01
2.514142729341983795e-02
1.262535108253359795e-03
2.028617821633815765e-02
-1.682955026626586914e-01
-1.739237755537033081e-01
7.807116489857435226e-04
2.683781683444976807e-01
-1.219588965177536011e-01
2.354129776358604431e-02
4.035817459225654602e-02
-1.293340027332305908e-01
-1.089854985475540161e-01
-1.029244139790534973e-01
-2.504083812236785889e-01
1.793180853128433228e-01
1.702787587419152260e-03
-6.013989448547363281e-02
-1.645272225141525269e-01
1.210285648703575134e-01
1.173873320221900940e-01
1.037377566099166870e-01
1.007030755281448364e-01
9.492495656013488770e-02
4.079073294997215271e-02
1.867450587451457977e-02
5.248934775590896606e-02
-1.925775781273841858e-02
5.574782937765121460e-02
5.236312747001647949e-02
3.849409148097038269e-02
-1.567994058132171631e-02
8.725678920745849609e-02
-3.852795436978340149e-02
-8.242113888263702393e-02
-5.467116832733154297e-02
-1.465204060077667236e-01
1.687377691268920898e-01
-4.916417226195335388e-02
3.417236031964421272e-03
-4.992943257093429565e-02
6.909994781017303467e-02
-8.371131867170333862e-02
-1.508434265851974487e-01
-5.761159583926200867e-02
-3.051223792135715485e-02
1.174582261592149734e-02
2.109495699405670166e-01
-9.568405151367187500e-02
3.904224932193756104e-02
7.914153486490249634e-02
-1.593724042177200317e-01
-8.320170640945434570e-02
4.493454098701477051e-02
-1.125966310501098633e-01
2.365802042186260223e-02
9.317196160554885864e-02
-1.932256296277046204e-02
-8.605884760618209839e-02
1.440154463052749634e-01
-2.684456296265125275e-02
-1.263045370578765869e-01
3.754358738660812378e-02
-7.138791680335998535e-02
-9.906513988971710205e-02
-1.703318655490875244e-01
4.484108090400695801e-02
-1.683407574892044067e-01
-5.734526086598634720e-03
-1.330738812685012817e-01
-1.669552177190780640e-02
2.365650609135627747e-02
1.829674690961837769e-01
1.327966153621673584e-01
1.780885607004165649e-01
1.772613078355789185e-02
1.482519060373306274e-01
2.246179729700088501e-01
-5.381947755813598633e-02
-6.483327597379684448e-02
2.082440257072448730e-01
-8.127868175506591797e-02
-5.322237312793731689e-02
-1.739646196365356445e-01
7.584665715694427490e-02
-2.160666286945343018e-01
-1.059866771101951599e-01
-3.295502066612243652e-02
1.796431690454483032e-01
7.131755352020263672e-02
5.260850861668586731e-02
-1.060699447989463806e-01
-4.887545108795166016e-02
-1.729936525225639343e-02
-6.720840185880661011e-02
1.337531507015228271e-01
-1.737629063427448273e-03
3.502583876252174377e-02
1.018964573740959167e-01
-1.428342461585998535e-01
-2.816450595855712891e-01
-1.265516877174377441e-01
-2.369846589863300323e-02
2.169315703213214874e-02
2.020550072193145752e-01
2.164394967257976532e-02
1.542022377252578735e-01
2.250632047653198242e-01
1.183563470840454102e-02
-1.011898815631866455e-01
6.736528128385543823e-02
1.752456300891935825e-03
-6.588743627071380615e-02
-1.519081741571426392e-01
-8.402606844902038574e-02
2.010533027350902557e-02
7.482237368822097778e-02
-1.949383616447448730e-01
-5.255543068051338196e-02
1.007764935493469238e-01
1.776126772165298462e-02
-4.326202720403671265e-02
1.082372199743986130e-02
-5.330189317464828491e-02
8.683001250028610229e-02
2.151904106140136719e-01
2.936584316194057465e-02
-1.418260633945465088e-01
1.654539555311203003e-01
9.595508128404617310e-02
-3.591427206993103027e-02
1.356149464845657349e-01
8.670312166213989258e-02
-2.102385833859443665e-02
-2.303475514054298401e-02
-9.668411314487457275e-02
-1.548451483249664307e-01
-4.015864059329032898e-02
-6.408638507127761841e-02
-1.594389528036117554e-01
-4.956669360399246216e-02
-1.921381615102291107e-02
-2.835878357291221619e-02
1.097773388028144836e-01
-7.982961833477020264e-03
6.238713487982749939e-02
-5.476905778050422668e-02
1.832950860261917114e-02
7.953142374753952026e-02
7.230605185031890869e-02
-5.793157964944839478e-02
3.075445257127285004e-02
4.025576263666152954e-02
-2.867293730378150940e-02
-1.256434153765439987e-02
-7.386498153209686279e-02
-2.167202532291412354e-01
1.306927651166915894e-01
-3.540693968534469604e-02
-7.168377935886383057e-02
-6.682443618774414062e-02
-1.023845225572586060e-01
-1.276015192270278931e-01
4.620769247412681580e-02
4.811777547001838684e-02
-1.077612116932868958e-02
-3.754548728466033936e-02
6.789154559373855591e-02
-1.719758287072181702e-02
-6.245826557278633118e-02
-7.068942487239837646e-02
-1.624730415642261505e-02
2.935896068811416626e-02
8.867295831441879272e-02
-1.212886907160282135e-02
-9.277094155550003052e-02
1.191496029496192932e-01
1.128330361098051071e-02
-7.713411003351211548e-02
1.493344455957412720e-01
1.870937272906303406e-02
5.131674930453300476e-02
1.137376651167869568e-01
-5.343963950872421265e-02
-2.468915842473506927e-02
-4.364288598299026489e-02
-1.372825056314468384e-01
3.146099671721458435e-02
7.350033521652221680e-02
-2.655430510640144348e-02
-8.119998127222061157e-02
1.687742583453655243e-02
2.199651859700679779e-02
-1.309222728013992310e-01
-1.195494756102561951e-01
-5.209267139434814453e-02
2.033044397830963135e-02
-1.554350834339857101e-02
-2.684777602553367615e-02
-3.275099024176597595e-02
-1.103922501206398010e-01
-1.401108801364898682e-01
-2.272307276725769043e-01
1.453463286161422729e-01
1.097201034426689148e-01
-4.037764854729175568e-03
3.571216389536857605e-02
-1.543556600809097290e-01
-7.295174524188041687e-03
-1.630707532167434692e-01
-1.810752153396606445e-01
-1.135713383555412292e-01
5.530154332518577576e-02
-3.913552686572074890e-02
1.036352664232254028e-01
8.877023309469223022e-02
-4.672741144895553589e-02
-6.475067138671875000e-02
-1.267119683325290680e-02
2.034863680601119995e-01
-5.433159694075584412e-02
-1.545342803001403809e-01
-1.432835161685943604e-01
3.364031761884689331e-02
1.027143448591232300e-01
7.345513254404067993e-02
1.634071022272109985e-02
-9.319271892309188843e-02
1.470739990472793579e-01
1.020791977643966675e-01
-6.078122928738594055e-02
3.220636630430817604e-03
-8.843073248863220215e-02
-1.272021383047103882e-01
-1.204097177833318710e-02
2.185964211821556091e-02
-5.861926823854446411e-02
-6.167829781770706177e-02
-1.072207465767860413e-01
9.784353524446487427e-02
-8.350479602813720703e-02
-8.383731544017791748e-02
-5.779729411005973816e-02
-1.186091974377632141e-01
2.278161235153675079e-02
-8.270195871591567993e-02
-1.554879266768693924e-02
-8.199962228536605835e-02
-7.922043092548847198e-03
7.465565577149391174e-03
-2.120415717363357544e-01
-2.913327887654304504e-02
-8.634349703788757324e-02
9.316295385360717773e-02
3.102216124534606934e-02
1.153180524706840515e-01
9.733547270298004150e-02
-1.022417172789573669e-01
-1.051290109753608704e-01
2.751642279326915741e-02
-1.917174011468887329e-01
-8.758816123008728027e-02
1.097123622894287109e-01
-8.688148111104965210e-02
-7.028262317180633545e-02
-1.514858007431030273e-01
-4.596186336129903793e-03
-1.677057892084121704e-01
-1.012673228979110718e-02
-4.776930063962936401e-02
-6.514745950698852539e-02
2.435652166604995728e-02
-9.938145428895950317e-02
-5.568417906761169434e-02
-3.645780682563781738e-02
4.995197802782058716e-02
-1.432287693023681641e-01
-1.619092375040054321e-01
-3.066388331353664398e-02
2.575032040476799011e-02
1.420577336102724075e-02
1.522638276219367981e-02
-4.465639218688011169e-02
5.966836586594581604e-02
-1.725610531866550446e-02
-1.352759301662445068e-01
6.125014275312423706e-03
9.014641493558883667e-02
-1.403402984142303467e-01
3.606501221656799316e-02
4.478698223829269409e-02
6.790526956319808960e-02
-5.071789398789405823e-02
4.930123686790466309e-02
-2.291315644979476929e-01
-4.900131747126579285e-02
-1.819747313857078552e-02
-1.350963860750198364e-02
6.555192638188600540e-03
1.644197702407836914e-01
1.394760143011808395e-02
-5.458187311887741089e-02
1.959754899144172668e-02
5.559738725423812866e-02
-1.525403708219528198e-01
9.408649802207946777e-02
7.707185298204421997e-02
-1.843878179788589478e-01
-1.013899967074394226e-01
-3.985409811139106750e-02
9.920976310968399048e-02
-6.492403149604797363e-02
-1.607139110565185547e-01
-9.294611960649490356e-02
-3.607286885380744934e-02
-1.394222769886255264e-02
-5.724838003516197205e-03
-1.626128405332565308e-01
-1.001822948455810547e-01
-7.121729105710983276e-02
-7.019279152154922485e-02
-4.693685844540596008e-02
3.427087562158703804e-03
-1.181187555193901062e-01
1.768514364957809448e-01
8.245697617530822754e-02
3.560554236173629761e-02
-5.332656204700469971e-02
8.213958889245986938e-02
-5.087499320507049561e-02
3.956981748342514038e-02
2.818193472921848297e-02
-1.274207048118114471e-02
4.812478646636009216e-02
1.504959613084793091e-01
1.414494067430496216e-01
-2.373581053689122200e-03
-3.530387207865715027e-02
-1.623190939426422119e-01
7.425597310066223145e-02
7.597385346889495850e-02
7.803160697221755981e-03
6.683468818664550781e-02
1.193704530596733093e-01
-1.659914106130599976e-01
3.581185638904571533e-02
-7.285314053297042847e-02
6.693617999553680420e-02
6.601140368729829788e-03
7.288978248834609985e-02
1.081593856215476990e-01
1.460978984832763672e-01
-8.113310486078262329e-02
-1.817591041326522827e-01
9.694886393845081329e-03
-1.325968950986862183e-01
-1.086637470871210098e-02
-1.183258444070816040e-01
1.981501579284667969e-01
-6.754059344530105591e-03
8.500185608863830566e-02
1.085886061191558838e-01
6.428265571594238281e-02
1.815712898969650269e-01
-1.122182160615921021e-01
-3.514381591230630875e-03
8.326556533575057983e-02
8.951662480831146240e-02
-1.758320070803165436e-02
5.527725070714950562e-02
2.296196483075618744e-02
-6.818626075983047485e-02
1.408977806568145752e-01
-9.010834246873855591e-02
-3.197658061981201172e-02
-1.364388968795537949e-02
-8.894849568605422974e-02
5.856370925903320312e-02
-1.650771498680114746e-01
2.372891269624233246e-02
-8.844446390867233276e-02
4.804964736104011536e-02
-1.013004779815673828e-02
1.153087690472602844e-01
8.202166855335235596e-02
-2.484254390001296997e-01
-2.269532382488250732e-01
-1.216144412755966187e-01
-1.541587412357330322e-01
-9.109608083963394165e-02
-1.209191381931304932e-01
-4.320944473147392273e-02
-3.570435941219329834e-02
2.717554382979869843e-02
-7.112918794155120850e-02
1.380961239337921143e-01
8.544299751520156860e-02
7.771352678537368774e-02
3.847140818834304810e-02
2.160132378339767456e-01
5.480968579649925232e-02
1.025831699371337891e-02
4.821513965725898743e-02
-8.693151921033859253e-02
-2.583975344896316528e-02
1.191323250532150269e-01
-2.933259867131710052e-02
-4.016408324241638184e-02
-2.304187789559364319e-02
1.677489429712295532e-01
7.725314795970916748e-02
4.881528764963150024e-02
-1.986068487167358398e-01
-1.155915856361389160e-01
2.990445196628570557e-01
4.242388159036636353e-02
-5.177604779601097107e-02
4.948151484131813049e-02
1.750663667917251587e-01
-8.349449932575225830e-02
-4.396902769804000854e-02
-1.386643201112747192e-01
-6.614717096090316772e-02
8.752994239330291748e-02
-1.201460286974906921e-01
-1.035225242376327515e-01
-1.540894508361816406e-01
6.065211445093154907e-02
-4.638611897826194763e-02
5.644634738564491272e-02
-1.359755694866180420e-01
-3.618088783696293831e-03
2.579516470432281494e-01
2.354005575180053711e-01
1.794114522635936737e-02
1.578008234500885010e-01
2.086306065320968628e-01
4.865005612373352051e-02
1.020258571952581406e-02
-1.698737740516662598e-01
-4.958024621009826660e-02
1.351419389247894287e-01
4.830127581954002380e-03
2.990482747554779053e-02
-5.312489718198776245e-02
1.411794275045394897e-01
1.701641641557216644e-02
-4.301955923438072205e-02
1.482411026954650879e-01
-5.096746981143951416e-02
-4.344112426042556763e-02
3.515685675665736198e-03
6.642299145460128784e-02
1.337101217359304428e-02
4.211403056979179382e-02
1.354433745145797729e-01
2.598235309123992920e-01
-1.567459292709827423e-02
-1.397789865732192993e-01
-1.296417880803346634e-02
1.215069144964218140e-01
-1.134870722889900208e-01
1.103606894612312317e-01
-1.265887916088104248e-01
-7.981078326702117920e-02
1.074951961636543274e-01
9.407199174165725708e-02
1.265920791774988174e-02
-1.056016534566879272e-01
4.950593225657939911e-03
3.760941093787550926e-03
-6.739939749240875244e-02
4.757819324731826782e-02
3.510010614991188049e-02
1.219064556062221527e-02
4.539572075009346008e-02
-6.929640471935272217e-02
-1.005842536687850952e-01
6.760629266500473022e-02
-4.769400507211685181e-02
-3.694721963256597519e-03
-1.530802715569734573e-02
-1.710097640752792358e-01
-5.884851515293121338e-02
6.267160922288894653e-02
-1.332053393125534058e-01
-6.788872182369232178e-02
5.230093374848365784e-02
-1.592845320701599121e-01
5.027069151401519775e-02
-1.407611067406833172e-03
-9.004747495055198669e-03
5.874433740973472595e-02
6.143002957105636597e-02
-8.962076157331466675e-02
6.598416715860366821e-02
8.637258410453796387e-02
7.387912273406982422e-02
1.274001449346542358e-01
-8.181030303239822388e-02
4.358286969363689423e-03
1.071719378232955933e-01
1.148925349116325378e-01
-2.721797525882720947e-01
-4.648343101143836975e-02
1.774171590805053711e-01
1.051956564188003540e-01
1.177200973033905029e-01
-9.298077784478664398e-03
-9.751476347446441650e-02
1.038646101951599121e-01
1.356662716716527939e-02
-1.199333295226097107e-01
1.997383870184421539e-02
1.888117641210556030e-01
2.617385387420654297e-01
3.016574680805206299e-01
1.023346651345491409e-02
-8.884020149707794189e-02
7.566338032484054565e-02
4.348584264516830444e-02
-5.992100760340690613e-02
2.482216805219650269e-02
2.110463008284568787e-02
-5.048326775431632996e-02
-1.065703704953193665e-01
-1.709557026624679565e-01
-1.015362292528152466e-01
-5.415591597557067871e-02
2.900948822498321533e-01
1.698584556579589844e-01
2.047075703740119934e-02
1.439753621816635132e-01
-6.874457746744155884e-02
-8.239021897315979004e-02
-1.456579267978668213e-01
-9.672506898641586304e-02
9.518979489803314209e-02
-1.823694556951522827e-01
1.588119715452194214e-01
2.916579544544219971e-01
4.351081550121307373e-01
8.553640544414520264e-02
-1.011393517255783081e-01
-7.397045195102691650e-02
-1.066505461931228638e-01
-1.863600313663482666e-01
1.163004711270332336e-01
1.955641359090805054e-01
2.688934206962585449e-01
4.277605414390563965e-01
6.952247768640518188e-02
-4.043501615524291992e-02
-1.159703508019447327e-01
-1.388755906373262405e-02
2.094542831182479858e-01
7.339570671319961548e-02
3.322522714734077454e-02
-2.248507589101791382e-01
6.993059068918228149e-02
-2.993042208254337311e-02
-4.626395553350448608e-02
-7.214542012661695480e-03
8.293291181325912476e-02
5.123042315244674683e-02
-1.361876875162124634e-01
-6.220474094152450562e-02
-4.131570458412170410e-03
-7.414523512125015259e-02
-3.020880976691842079e-04
-9.552002698183059692e-02
2.157843858003616333e-02
1.422417610883712769e-01
-6.913890596479177475e-03
1.747656613588333130e-01
1.945800334215164185e-01
2.747295796871185303e-02
-7.180483639240264893e-02
-3.548371046781539917e-02
4.502650722861289978e-02
3.688141331076622009e-02
1.534889191389083862e-01
2.784863412380218506e-01
2.114860899746417999e-02
1.911105364561080933e-01
1.190849617123603821e-01
-5.304791033267974854e-02
-2.324390597641468048e-02
-1.637791842222213745e-01
4.348977282643318176e-02
6.159529089927673340e-02
1.120535209774971008e-01
5.360134318470954895e-02
3.397548496723175049e-01
5.203457474708557129e-01
1.375968158245086670e-01
5.243567749857902527e-03
-5.168176069855690002e-02
-9.683912992477416992e-02
1.195321679115295410e-01
-1.315040737390518188e-01
1.486311256885528564e-01
3.332579731941223145e-01
1.064901798963546753e-01
-1.095351129770278931e-01
-1.298125535249710083e-01
-1.744271218776702881e-01
-2.427869141101837158e-01
-1.541114598512649536e-01
-1.627877354621887207e-01
-2.717798948287963867e-01
3.704237639904022217e-01
4.694737195968627930e-01
1.859449893236160278e-01
-1.158702448010444641e-01
-3.553198883309960365e-03
-8.592871017754077911e-03
-5.721469968557357788e-02
-2.346508800983428955e-01
-2.692055404186248779e-01
1.319418102502822876e-01
6.431365758180618286e-02
-1.631332039833068848e-01
-8.571930974721908569e-02
-8.485557511448860168e-03
-3.110443986952304840e-02
-1.837412863969802856e-01
-3.348293304443359375e-01
2.567678689956665039e-01
3.419120311737060547e-01
3.065045550465583801e-02
7.360675930976867676e-02
1.500310599803924561e-01
-1.233499590307474136e-02
3.274039132520556450e-03
-7.821709662675857544e-02
2.866480499505996704e-02
6.055724620819091797e-02
4.626372084021568298e-02
-2.676669955253601074e-01
-1.271762251853942871e-01
-6.125962734222412109e-02
4.478578642010688782e-02
4.547132924199104309e-02
-3.344004228711128235e-02
-1.902172528207302094e-02
6.576876621693372726e-04
1.289406567811965942e-01
8.995410054922103882e-02
-1.794656217098236084e-01
-4.845575988292694092e-02
2.507748454809188843e-02
8.593781292438507080e-02
1.067764759063720703e-01
-1.340695619583129883e-01
-8.296605199575424194e-02
6.317014992237091064e-02
-9.698317199945449829e-02
-1.034649088978767395e-01
-7.457956671714782715e-02
-1.598596274852752686e-01
-1.107578724622726440e-01
-2.022765949368476868e-02
-5.130836740136146545e-02
-4.204772785305976868e-02
1.561480760574340820e-01
-6.212082505226135254e-02
-8.664871752262115479e-02
-1.058422774076461792e-01
-7.120447605848312378e-02
4.945136606693267822e-02
2.203757762908935547e-01
-1.579592935740947723e-03
7.120312005281448364e-02
1.922981142997741699e-01
-3.200390934944152832e-02
-5.643601715564727783e-02
-1.479079723358154297e-01
-1.566973179578781128e-01
7.807454466819763184e-02
1.388451159000396729e-01
-1.310061067342758179e-01
5.889725871384143829e-04
1.561079174280166626e-01
-4.496364295482635498e-02
-4.276913125067949295e-03
-7.492514699697494507e-02
-2.483536452054977417e-01
-2.037096172571182251e-01
2.273329347372055054e-01
2.660777047276496887e-02
9.506803005933761597e-02
-7.719805836677551270e-02
-1.658725589513778687e-01
-1.169888377189636230e-01
-1.224079579114913940e-01
-6.087872758507728577e-02
-4.135273769497871399e-02
9.279259294271469116e-02
2.055980265140533447e-02
-1.300477236509323120e-02
2.041710019111633301e-01
-2.932734601199626923e-02
-5.227913707494735718e-02
-1.733425557613372803e-01
9.190278500318527222e-02
4.410744085907936096e-02
1.430536955595016479e-01
7.527481764554977417e-02
1.996363401412963867e-01
2.586859464645385742e-01
-8.592344075441360474e-02
-3.782380372285842896e-02
-7.790099829435348511e-02
-1.168667804449796677e-02
-1.458276156336069107e-02
-4.446412995457649231e-02
9.748466312885284424e-03
-1.623542979359626770e-02
-3.193936124444007874e-02
-6.389353424310684204e-02
-6.264477968215942383e-02
-1.395733505487442017e-01
1.360607296228408813e-01
5.903008207678794861e-02
9.077132493257522583e-02
-7.996236532926559448e-02
-5.114990472793579102e-02
-1.536162011325359344e-02
8.650513365864753723e-03
1.227017119526863098e-02
5.425741150975227356e-02
3.400280699133872986e-02
-9.491930156946182251e-02
3.278811648488044739e-02
3.923247382044792175e-02
7.650867104530334473e-02
1.889386773109436035e-01
6.032937392592430115e-02
-8.780959248542785645e-02
-3.236692026257514954e-02
9.267809987068176270e-02
-1.388422679156064987e-03
1.114761009812355042e-01
1.263885051012039185e-01
8.668059110641479492e-02
7.254903763532638550e-02
-1.510818004608154297e-01
-1.422730535268783569e-01
-3.348696604371070862e-02
8.095982670783996582e-02
9.726130217313766479e-02
1.679543256759643555e-01
1.025119274854660034e-01
-2.374129146337509155e-01
8.739966154098510742e-02
-6.957675516605377197e-02
2.410140633583068848e-02
-8.706399053335189819e-02
1.775738928699865937e-04
-1.725305616855621338e-01
1.691985130310058594e-02
-1.268825083971023560e-01
-1.135932058095932007e-01
5.970402155071496964e-03
-2.207161784172058105e-01
-1.751714050769805908e-01
-1.422610729932785034e-01
-6.404748558998107910e-02
-1.384427398443222046e-01
-5.015648528933525085e-02
1.133611891418695450e-02
1.127866432070732117e-01
2.603990435600280762e-01
-2.341087311506271362e-01
-1.445597410202026367e-01
-1.379723697900772095e-01
5.880070850253105164e-02
3.061640448868274689e-02
8.281348273158073425e-04
6.513160467147827148e-02
1.088610067963600159e-01
8.659204840660095215e-02
-2.051959186792373657e-01
-2.421114891767501831e-01
-7.075474411249160767e-02
-1.197691485285758972e-01
-9.209681302309036255e-02
-6.775537878274917603e-02
-2.430719509720802307e-02
4.884015023708343506e-02
2.885643541812896729e-01
-5.697849020361900330e-02
-1.920678019523620605e-01
-1.167892217636108398e-01
1.012981757521629333e-01
-7.316771149635314941e-02
-1.235244199633598328e-01
4.041062295436859131e-02
9.842854738235473633e-02
3.482198342680931091e-02
-2.117845714092254639e-01
2.524075657129287720e-02
2.899258770048618317e-02
-5.759376287460327148e-02
-2.165731936693191528e-01
-6.889184564352035522e-02
8.432329446077346802e-02
7.050866633653640747e-02
1.331363320350646973e-01
-1.359980702400207520e-01
-1.440104842185974121e-01
-3.583395108580589294e-02
-1.248106881976127625e-01
-7.811071723699569702e-02
1.372961997985839844e-01
2.365224622189998627e-02
4.270579293370246887e-02
4.335670918226242065e-02
-1.601457595825195312e-01
-1.789917498826980591e-01
-1.067232564091682434e-01
-8.466520905494689941e-02
-2.046271562576293945e-01
-2.545347437262535095e-02
3.847491741180419922e-02
1.978643611073493958e-02
1.234768703579902649e-01
-4.375299438834190369e-02
1.706941127777099609e-01
3.599174693226814270e-02
-1.966059505939483643e-01
-1.759776622056961060e-01
1.057740002870559692e-01
-6.611564010381698608e-02
8.950378000736236572e-02
1.869250982999801636e-01
4.951155930757522583e-02
-9.787107259035110474e-02
-1.702043563127517700e-01
-1.037430316209793091e-01
-2.036947011947631836e-01
-8.544816821813583374e-02
-2.214071154594421387e-02
-6.041209027171134949e-02
1.179321333765983582e-01
-2.327661216259002686e-02
-1.338279694318771362e-01
2.592160366475582123e-02
-1.595403999090194702e-02
-9.627845138311386108e-02
1.007146015763282776e-01
-1.918515935540199280e-02
-3.062194399535655975e-02
-6.790407747030258179e-02
-1.243887394666671753e-01
-9.023799747228622437e-02
6.468969862908124924e-03
-1.222671847790479660e-02
-8.784893155097961426e-02
-3.715293109416961670e-02
2.625746279954910278e-02
-1.249704584479331970e-01
2.775555551052093506e-01
1.117565482854843140e-02
-1.742911636829376221e-01
-8.442726731300354004e-02
-3.856828436255455017e-02
-1.539140101522207260e-02
1.636603176593780518e-01
-1.949429512023925781e-02
5.791062861680984497e-02
5.965446680784225464e-02
-1.655578464269638062e-01
2.565078996121883392e-02
7.467739749699831009e-03
-2.915079006925225258e-03
-1.152337193489074707e-01
-5.090003460645675659e-02
-3.333011269569396973e-02
-4.713059589266777039e-02
-1.332554519176483154e-01
-3.534512594342231750e-03
3.590308129787445068e-02
-1.652654856443405151e-01
-8.407159149646759033e-02
-2.360214889049530029e-01
-1.480555720627307892e-02
-5.865529924631118774e-02
1.152805536985397339e-01
-3.121181763708591461e-02
-1.760740019381046295e-02
4.793047904968261719e-02
-3.019950352609157562e-02
2.085450291633605957e-02
-4.770774021744728088e-02
-1.911843754351139069e-02
-2.821970917284488678e-02
1.252070218324661255e-01
1.881669312715530396e-01
1.279209740459918976e-02
1.377326995134353638e-01
-8.293542265892028809e-02
6.619443744421005249e-02
-3.107103705406188965e-01
2.966398140415549278e-03
3.125650435686111450e-02
1.751942187547683716e-01
1.496888697147369385e-01
6.950425356626510620e-02
2.824999764561653137e-02
3.498129546642303467e-02
-1.282259915024042130e-02
-6.919080764055252075e-02
5.534555763006210327e-02
3.450702726840972900e-01
6.632609665393829346e-02
2.433744519948959351e-01
9.890371561050415039e-02
-3.101736539974808693e-03
9.568969905376434326e-02
1.193358451128005981e-01
3.877107053995132446e-03
6.241283193230628967e-02
-1.082346737384796143e-01
-1.058544963598251343e-01
7.625435292720794678e-02
1.246254742145538330e-01
-2.882577851414680481e-02
6.182520464062690735e-02
-1.219371408224105835e-01
-2.660713903605937958e-02
5.514058470726013184e-02
-3.167504370212554932e-01
9.799010306596755981e-02
2.157452851533889771e-01
2.343201339244842529e-01
8.460777252912521362e-02
-1.500041969120502472e-02
7.777261734008789062e-02
1.043867319822311401e-02
2.093660533428192139e-01
1.917812824249267578e-01
3.372107818722724915e-02
1.324254274368286133e-01
1.755302101373672485e-01
2.905471483245491982e-03
9.815815091133117676e-02
1.033675204962491989e-02
6.906563043594360352e-02
2.352270036935806274e-01
-3.419983014464378357e-02
-2.725883945822715759e-02
5.880998820066452026e-02
1.121261641383171082e-01
1.279422789812088013e-01
1.067806705832481384e-01
2.244653105735778809e-01
1.274340450763702393e-01
1.021715328097343445e-01
1.515439152717590332e-02
-2.026848196983337402e-01
-5.389408767223358154e-02
-5.086012184619903564e-02
-1.815853565931320190e-01
-1.018220782279968262e-01
5.157804116606712341e-02
-9.059211239218711853e-03
-5.780491605401039124e-02
-1.863023638725280762e-01
3.726190421730279922e-03
2.321072965860366821e-01
9.043670445680618286e-02
1.399694383144378662e-01
2.711995244026184082e-01
2.044641226530075073e-01
2.055314034223556519e-01
1.557096242904663086e-01
5.714051797986030579e-02
-1.271142065525054932e-01
8.839008957147598267e-02
-1.824472248554229736e-01
-2.112128436565399170e-01
-4.564163275063037872e-03
7.038889825344085693e-02
-9.511173516511917114e-02
-1.450733244419097900e-01
-1.441756039857864380e-01
1.068194676190614700e-02
4.811853542923927307e-02
-1.752198934555053711e-01
3.526232764124870300e-02
-5.096842348575592041e-02
2.329230075702071190e-03
-3.031912446022033691e-02
1.323962509632110596e-01
-7.376368343830108643e-02
4.150916635990142822e-02
-3.095162846148014069e-02
-1.097189337015151978e-01
1.669398993253707886e-01
-7.315218448638916016e-02
-1.279662642627954483e-02
1.503615677356719971e-01
1.111793667078018188e-01
2.121148444712162018e-02
-9.914775192737579346e-02
1.299930214881896973e-01
-1.650536358356475830e-01
6.327214092016220093e-02
-9.111137688159942627e-02
1.518255472183227539e-01
2.121094055473804474e-02
3.026848286390304565e-02
-2.588949166238307953e-02
9.099805355072021484e-02
1.135357376188039780e-02
-9.039428085088729858e-02
8.293046057224273682e-02
-1.828797608613967896e-01
-7.258956320583820343e-03
9.210181236267089844e-02
1.460527032613754272e-01
7.275025546550750732e-02
1.036112308502197266e-01
-1.675115674734115601e-01
-5.741561949253082275e-02
-6.696235388517379761e-03
4.726132750511169434e-02
1.080070361495018005e-01
-1.849558800458908081e-01
-2.267174124717712402e-01
2.546178102493286133e-01
1.369224786758422852e-01
-3.800641745328903198e-02
6.183941662311553955e-02
2.033329308032989502e-01
1.577235907316207886e-01
8.927338570356369019e-02
-1.049914807081222534e-01
-8.943123742938041687e-03
1.705103367567062378e-01
3.020644187927246094e-01
-8.883161097764968872e-02
-1.951258033514022827e-01
7.931956648826599121e-02
-6.568334996700286865e-02
8.857577294111251831e-02
-1.598896533250808716e-01
-2.638799846172332764e-01
1.643214374780654907e-01
1.798258423805236816e-01
9.019038081169128418e-02
6.595135666429996490e-03
1.647805571556091309e-01
8.163896203041076660e-02
8.993622660636901855e-02
-1.203540805727243423e-02
-9.006360918283462524e-02
4.947451874613761902e-02
-1.898249834775924683e-01
-2.672724612057209015e-02
-4.536844789981842041e-02
2.042284309864044189e-01
-2.401500241830945015e-03
-3.138254582881927490e-02
-1.261301040649414062e-01
-3.481267020106315613e-02
-9.156617522239685059e-02
2.016863599419593811e-02
3.097950220108032227e-01
2.865208983421325684e-01
2.909348309040069580e-01
-3.390128538012504578e-02
2.124777883291244507e-01
1.663039028644561768e-01
1.906186342239379883e-01
1.174689158797264099e-01
-9.356355667114257812e-02
-3.102155588567256927e-02
-1.373678296804428101e-01
1.018460318446159363e-01
1.131195574998855591e-01
2.427232563495635986e-01
-3.172801807522773743e-02
-4.749522358179092407e-02
-1.370944827795028687e-01
8.350149542093276978e-02
1.017246544361114502e-01
5.604121088981628418e-02
3.821485936641693115e-01
5.076941475272178650e-02
2.031053900718688965e-01
3.614877462387084961e-01
2.828471958637237549e-01
-5.168486014008522034e-02
1.705334931612014771e-01
1.520891487598419189e-01
2.571089565753936768e-02
-1.539590302854776382e-02
-1.285752058029174805e-01
1.557277739048004150e-01
1.347947269678115845e-01
1.825049966573715210e-01
2.323959618806838989e-01
5.383579991757869720e-03
1.585091501474380493e-01
2.116388231515884399e-01
-9.134579449892044067e-02
9.527418762445449829e-02
-9.121350944042205811e-03
1.598187685012817383e-01
2.054650634527206421e-01
8.490409702062606812e-02
2.507113814353942871e-01
2.201696634292602539e-01
2.930173464119434357e-02
4.881951585412025452e-02
-3.842697292566299438e-02
7.748755812644958496e-02
1.523968875408172607e-01
1.816058754920959473e-01
9.517069905996322632e-02
3.596344217658042908e-02
1.641548573970794678e-01
9.634076058864593506e-02
8.183828741312026978e-02
1.123513653874397278e-01
-3.532386198639869690e-02
2.318183630704879761e-01
5.520017817616462708e-02
6.009203568100929260e-02
-1.131393089890480042e-01
3.894299268722534180e-01
5.339342355728149414e-01
2.129558175802230835e-01
3.815350309014320374e-02
8.204416185617446899e-02
1.276100426912307739e-01
6.070404872298240662e-02
-7.206017524003982544e-02
-3.432999253273010254e-01
-1.113399863243103027e-02
3.096641972661018372e-02
-2.439255081117153168e-02
-1.159322783350944519e-01
-1.185598596930503845e-01
1.244944632053375244e-01
-3.459221124649047852e-02
-1.752759367227554321e-01
-1.088459640741348267e-01
1.430765539407730103e-01
1.983271539211273193e-01
1.790996491909027100e-01
-3.053929656744003296e-02
3.964749276638031006e-01
4.854507148265838623e-01
3.424400389194488525e-01
-2.577315568923950195e-01
-1.685413867235183716e-01
-1.067100688815116882e-01
8.788285404443740845e-02
-1.363694854080677032e-02
-1.561399549245834351e-01
-7.686780393123626709e-02
-8.972690254449844360e-02
1.541141886264085770e-02
-2.879235744476318359e-01
-1.558256149291992188e-01
9.433475136756896973e-02
-3.698564320802688599e-02
-3.952881786972284317e-03
-6.900949031114578247e-02
2.689053304493427277e-02
1.613357365131378174e-01
2.627850174903869629e-01
2.827471867203712463e-02
-1.006238162517547607e-01
-1.668345369398593903e-02
-1.524811685085296631e-01
-1.044254633598029613e-03
-1.617525666952133179e-01
-2.429568581283092499e-02
-3.918638825416564941e-02
-9.444466233253479004e-02
7.224610541015863419e-03
-3.233698010444641113e-02
1.462450996041297913e-02
1.686439514160156250e-01
1.247139796614646912e-01
-1.153756827116012573e-01
-9.595103561878204346e-02
4.718770831823348999e-02
1.845206767320632935e-01
-9.257601946592330933e-02
3.859668597579002380e-02
-2.076259255409240723e-01
-5.426682904362678528e-02
-4.175543785095214844e-02
-2.108605504035949707e-01
-9.969449788331985474e-02
-1.724837571382522583e-01
-8.373355120420455933e-02
-2.998183481395244598e-03
-1.094134245067834854e-02
-1.017272993922233582e-01
-7.030841708183288574e-02
1.778907701373100281e-02
-1.959244487807154655e-03
1.627220772206783295e-02
-1.084040701389312744e-01
-4.909884929656982422e-02
1.624508500099182129e-01
-6.814250349998474121e-02
-5.460326001048088074e-02
-1.427824199199676514e-01
4.501307010650634766e-02
-4.995028302073478699e-02
8.166141062974929810e-02
-7.265207171440124512e-02
-4.427174851298332214e-02
-1.040775701403617859e-02
1.651559472084045410e-01
-1.217668280005455017e-01
-1.138271987438201904e-01
-1.591486930847167969e-01
2.490544132888317108e-02
2.445001341402530670e-02
-9.446105360984802246e-02
-1.419400423765182495e-01
-1.006182190030813217e-02
1.176149323582649231e-01
-2.111710421741008759e-02
3.583453968167304993e-02
4.555778577923774719e-02
9.333917498588562012e-02
1.693565398454666138e-02
-2.514511644840240479e-01
-2.843590974807739258e-01
-2.839504927396774292e-02
-1.461022198200225830e-01
4.308482259511947632e-02
-1.550536882132291794e-02
3.535410761833190918e-02
4.132932424545288086e-02
1.658236086368560791e-01
-8.296512067317962646e-03
2.989469282329082489e-02
-7.334176450967788696e-02
-1.231837123632431030e-01
-5.678874626755714417e-02
-2.913714013993740082e-02
8.401814848184585571e-02
-1.346413325518369675e-02
6.092924997210502625e-02
-4.994894936680793762e-02
-6.388923525810241699e-02
-9.375668317079544067e-02
-1.134252846240997314e-01
3.883226588368415833e-02
4.175945371389389038e-02
-3.494607657194137573e-02
5.305092409253120422e-02
-1.124513428658246994e-02
-1.052341014146804810e-01
-1.489434838294982910e-01
-1.452005356550216675e-01
-1.359108537435531616e-01
-2.447665110230445862e-02
5.072795599699020386e-02
-2.708788029849529266e-02
-8.768701553344726562e-02
-8.417997509241104126e-02
-2.972618676722049713e-02
-1.411625300534069538e-03
-1.272938400506973267e-01
-2.034255862236022949e-01
6.313038617372512817e-02
3.269885201007127762e-03
5.608013272285461426e-02
1.475219056010246277e-02
2.008071839809417725e-01
-7.416535913944244385e-02
-5.264870077371597290e-02
-1.076693236827850342e-01
-2.294972091913223267e-01
6.723985075950622559e-02
-5.258299782872200012e-02
-3.189029917120933533e-02
8.419364690780639648e-02
2.399003691971302032e-02
-8.348042145371437073e-03
-4.493981227278709412e-02
-2.904090285301208496e-01
-2.234183847904205322e-01
6.198005005717277527e-02
-3.011470660567283630e-02
3.287261351943016052e-02
4.309232532978057861e-02
2.110145986080169678e-01
1.334411930292844772e-02
-1.304901856929063797e-02
-1.884305030107498169e-01
-3.206687867641448975e-01
-2.535246312618255615e-03
-3.150073811411857605e-02
-1.204424947500228882e-01
1.237566620111465454e-01
1.011213436722755432e-01
-2.274309098720550537e-02
-6.148147583007812500e-02
-1.804393827915191650e-01
-1.893201917409896851e-01
1.209555566310882568e-01
1.116952225565910339e-01
-5.961453542113304138e-02
-7.970497757196426392e-02
9.284249693155288696e-02
8.315837383270263672e-02
9.256156161427497864e-03
-4.945905134081840515e-02
4.417853429913520813e-02
1.448825895786285400e-01
-9.148765355348587036e-02
-3.761359676718711853e-02
-1.374265179038047791e-03
2.138472534716129303e-02
1.123365238308906555e-01
3.123059868812561035e-02
2.379528619349002838e-02
-8.735918253660202026e-02
4.394029453396797180e-02
6.811830401420593262e-02
-2.505791187286376953e-02
-8.991792052984237671e-02
-2.392983436584472656e-01
1.199888885021209717e-01
2.086995542049407959e-02
-1.611351370811462402e-01
-5.792159214615821838e-02
-2.013429626822471619e-02
1.120523065328598022e-01
-7.012614607810974121e-02
-1.194288115948438644e-02
-2.859501913189888000e-02
1.415517479181289673e-01
2.040873095393180847e-02
-7.765820715576410294e-03
-5.008294060826301575e-02
1.809972971677780151e-01
-1.061018705368041992e-01
-2.484951168298721313e-02
-5.248535051941871643e-02
-6.907854974269866943e-02
-9.767060726881027222e-02
1.039277091622352600e-01
-1.609966009855270386e-01
4.282325878739356995e-02
1.997887045145034790e-01
2.390627190470695496e-02
-1.435075048357248306e-02
-2.100365757942199707e-01
1.249255426228046417e-02
-1.000048294663429260e-01
6.394683569669723511e-02
8.447322249412536621e-02
-2.348953485488891602e-01
3.036486543715000153e-02
-6.323291361331939697e-02
-1.140210479497909546e-01
-4.404630139470100403e-02
-7.078430615365505219e-03
2.523882314562797546e-02
1.796362549066543579e-01
-1.199513375759124756e-01
1.023083478212356567e-01
2.214828506112098694e-02
-1.593148708343505859e-01
-7.790699601173400879e-02
-2.055100500583648682e-01
-5.208885297179222107e-02
3.612798452377319336e-02
1.736414730548858643e-01
1.292215436697006226e-01
7.269950211048126221e-02
2.715714275836944580e-01
-8.629252016544342041e-02
-1.219979580491781235e-02
3.409522585570812225e-03
6.329876184463500977e-02
-1.551583409309387207e-01
1.126704066991806030e-01
5.063235014677047729e-02
4.656674340367317200e-02
1.076730266213417053e-01
-1.840252727270126343e-01
4.708666354417800903e-02
-1.459648832678794861e-02
-7.581967115402221680e-02
-1.056912764906883240e-01
9.322857111692428589e-02
-9.173554927110671997e-02
6.770751625299453735e-02
1.070699840784072876e-01
-1.450223475694656372e-01
3.775343298912048340e-02
-3.237766027450561523e-02
-4.135529324412345886e-02
-1.310035437345504761e-01
1.616336256265640259e-01
3.766070585697889328e-04
-2.390833804383873940e-03
-4.290408641099929810e-02
-2.545523457229137421e-02
3.693750500679016113e-02
4.045001789927482605e-02
-1.602857559919357300e-01
-1.374716907739639282e-01
6.798689067363739014e-02
1.053503230214118958e-01
2.822827547788619995e-02
6.544476002454757690e-02
-9.295730292797088623e-02
1.999743282794952393e-02
-1.642866432666778564e-01
4.040971770882606506e-02
-1.789174824953079224e-01
2.410122007131576538e-02
1.470247209072113037e-01
1.379593908786773682e-01
4.607845097780227661e-02
1.381200458854436874e-02
-1.428167074918746948e-01
-1.214227825403213501e-01
-9.806938469409942627e-02
5.756031721830368042e-03
4.025461524724960327e-02
1.903703510761260986e-01
3.808824345469474792e-02
-8.296800777316093445e-03
-2.319637835025787354e-01
5.076996982097625732e-02
-1.686747521162033081e-01
-1.957941353321075439e-01
9.433083236217498779e-03
3.400193154811859131e-02
3.071127273142337799e-02
1.651173084974288940e-01
8.017618954181671143e-02
-9.955351799726486206e-02
-1.441420018672943115e-01
-4.122580960392951965e-02
-1.398074477910995483e-01
-5.896271392703056335e-02
-4.126084037125110626e-03
1.516147553920745850e-01
-6.278511136770248413e-02
1.409306675195693970e-01
1.083285640925168991e-02
-1.960091292858123779e-02
-9.641607105731964111e-02
2.338667809963226318e-01
5.818041414022445679e-02
5.683534592390060425e-02
4.255312308669090271e-02
-1.180063560605049133e-01
1.694081574678421021e-01
-3.047673031687736511e-02
-1.414277106523513794e-01
1.586366146802902222e-01
8.013721555471420288e-02
1.944319009780883789e-01
1.486420184373855591e-01
5.685427784919738770e-02
1.995833963155746460e-02
9.476058930158615112e-02
-2.769950660876929760e-04
4.311292618513107300e-02
-5.792379379272460938e-02
1.793270558118820190e-01
-6.616714876145124435e-03
1.319659650325775146e-01
1.533067375421524048e-01
4.467519931495189667e-03
2.685688436031341553e-01
5.089329928159713745e-02
-1.274374872446060181e-01
2.297648340463638306e-01
7.814557291567325592e-03
-6.848353077657520771e-04
-2.503432705998420715e-02
-8.841084688901901245e-02
-3.914069756865501404e-02
1.393181383609771729e-01
8.906944654881954193e-03
1.176297757774591446e-02
3.958779573440551758e-01
1.496357172727584839e-01
2.274031490087509155e-01
2.873826399445533752e-02
8.996181190013885498e-02
-3.275058865547180176e-01
-1.002424657344818115e-01
2.092511020600795746e-02
-2.086737006902694702e-01
5.230768583714962006e-04
1.034925878047943115e-02
1.122092902660369873e-01
-1.898102611303329468e-01
-1.235080137848854065e-01
8.665235340595245361e-02
2.264867573976516724e-01
8.491953462362289429e-02
1.697799712419509888e-01
3.369513452053070068e-01
1.594208180904388428e-01
8.346602320671081543e-02
-1.349131925962865353e-03
7.919852435588836670e-02
-1.400958746671676636e-01
-1.894421875476837158e-01
1.931705176830291748e-01
3.482753876596689224e-03
7.550565898418426514e-02
-1.282224506139755249e-01
-1.060730442404747009e-01
-9.171471744775772095e-02
-2.378166019916534424e-01
-1.407115906476974487e-01
-3.887204825878143311e-02
1.469057500362396240e-01
7.582012098282575607e-03
1.113587841391563416e-01
2.316653169691562653e-02
5.464406311511993408e-02
-5.276680365204811096e-02
4.729805141687393188e-02
-3.869739174842834473e-02
-6.894389539957046509e-02
-1.281191706657409668e-01
-2.049182541668415070e-02
-3.247813507914543152e-02
2.663702145218849182e-02
-3.479240089654922485e-02
2.876855060458183289e-02
9.444721043109893799e-02
4.656906239688396454e-03
-1.122204214334487915e-01
3.303768038749694824e-01
8.684772253036499023e-02
9.381274133920669556e-02
2.533326670527458191e-02
3.080567403230816126e-04
1.120870262384414673e-01
2.540722861886024475e-02
1.796798082068562508e-03
-1.498714741319417953e-02
-2.903528511524200439e-02
-7.432435173541307449e-03
-1.708438843488693237e-01
-6.178673729300498962e-02
-1.547316610813140869e-01
-2.698674332350492477e-03
1.266812533140182495e-01
7.730127871036529541e-02
-1.287147998809814453e-01
-7.579800486564636230e-02
1.655001491308212280e-01
-6.283587962388992310e-02
4.818783700466156006e-02
-3.092237003147602081e-02
-2.454745322465896606e-01
6.186345592141151428e-02
6.801464129239320755e-03
-6.921741366386413574e-02
-1.815379261970520020e-01
2.459720373153686523e-01
1.219647377729415894e-01
1.419260352849960327e-01
-5.038352683186531067e-02
-2.081061452627182007e-01
-1.212080493569374084e-01
-6.660226732492446899e-02
-1.222985684871673584e-01
-1.528065372258424759e-02
1.091665700078010559e-01
-6.239354237914085388e-02
5.666848272085189819e-02
-5.690179020166397095e-02
-1.950895637273788452e-01
5.210366100072860718e-02
1.287253350019454956e-01
7.585885375738143921e-02
-3.627340868115425110e-02
1.716272830963134766e-01
1.636592149734497070e-01
7.508545368909835815e-02
5.806398391723632812e-02
-1.512429714202880859e-01
1.178465336561203003e-01
-1.131616979837417603e-01
-1.610471904277801514e-01
-1.301509290933609009e-01
-9.458519518375396729e-02
1.165834367275238037e-01
2.087125033140182495e-01
1.569750010967254639e-01
1.786935925483703613e-01
-1.399833057075738907e-02
8.276908099651336670e-02
5.264057964086532593e-02
5.054309219121932983e-02
1.321520539931952953e-03
6.535166501998901367e-02
2.724364101886749268e-01
3.097542226314544678e-01
1.816753596067428589e-01
1.458820849657058716e-01
-2.557004429399967194e-02
-1.506408751010894775e-01
-1.629949212074279785e-01
-1.136213764548301697e-01
2.032593637704849243e-02
4.239041730761528015e-02
1.260116398334503174e-01
-1.002362892031669617e-01
1.794979125261306763e-01
-4.867065325379371643e-02
-2.965559251606464386e-02
-1.411609798669815063e-01
-1.465254127979278564e-01
-3.950790688395500183e-02
1.376661807298660278e-01
9.113593399524688721e-02
1.121866255998611450e-01
1.811293214559555054e-01
2.332216948270797729e-01
2.928479909896850586e-01
1.122906357049942017e-01
1.529944688081741333e-02
8.551476150751113892e-02
2.185850776731967926e-02
1.532693952322006226e-01
1.995884329080581665e-01
1.378186941146850586e-01
2.285247445106506348e-01
2.372295856475830078e-01
9.605135023593902588e-02
7.129178382456302643e-03
-1.007636189460754395e-01
1.222475171089172363e-01
7.927209138870239258e-02
1.258343011140823364e-01
2.690533734858036041e-02
2.747900784015655518e-02
5.722640454769134521e-02
-1.472646147012710571e-01
-7.535485923290252686e-02
-2.697484754025936127e-02
8.115672320127487183e-02
1.034993398934602737e-02
5.073012784123420715e-03
5.095690116286277771e-02
-1.737654358148574829e-01
2.536808513104915619e-02
-1.675142347812652588e-01
-1.041856333613395691e-01
-7.072165608406066895e-02
8.924871799536049366e-04
7.338608801364898682e-02
2.208667807281017303e-02
-1.471805870532989502e-01
-8.197872340679168701e-02
2.006723433732986450e-01
8.548139780759811401e-02
8.510176092386245728e-02
-1.045197620987892151e-01
2.989324629306793213e-01
4.159269332885742188e-01
4.364376366138458252e-01
-2.281806766986846924e-01
-2.944849431514739990e-01
-7.953599095344543457e-02
6.012917961925268173e-03
-1.102598384022712708e-01
-2.444013804197311401e-01
-1.005461961030960083e-01
9.483692795038223267e-02
3.239505589008331299e-01
-7.921629399061203003e-02
-8.494817465543746948e-02
1.284510195255279541e-01
5.910937674343585968e-03
6.000730395317077637e-02
7.854987680912017822e-02
2.870222330093383789e-01
3.170199394226074219e-01
4.336973726749420166e-01
4.980265349149703979e-02
-2.068160288035869598e-02
-3.636228665709495544e-02
-9.366427361965179443e-02
-7.933029532432556152e-02
-9.438777714967727661e-02
-2.918102592229843140e-02
1.861512809991836548e-01
3.024244010448455811e-01
8.026541769504547119e-02
-1.567121744155883789e-01
8.150912076234817505e-02
1.413372755050659180e-01
1.084915362298488617e-02
-1.474892497062683105e-01
-1.165287569165229797e-01
1.734223663806915283e-01
1.198398098349571228e-01
-3.886380873154848814e-04
-9.458130598068237305e-02
1.233561411499977112e-01
-1.040469296276569366e-02
-1.153597757220268250e-01
-1.807589232921600342e-01
-6.967030465602874756e-02
-3.573900461196899414e-02
-2.598344162106513977e-02
-1.507699638605117798e-01
2.887039817869663239e-02
-6.846230477094650269e-02
-6.655861157923936844e-03
-1.005625445395708084e-02
6.257610768079757690e-02
-4.939974099397659302e-02
5.979222431778907776e-02
1.484308540821075439e-01
1.782148480415344238e-01
7.090221345424652100e-02
-6.136723235249519348e-02
6.817680597305297852e-02
6.466320902109146118e-02
-1.936885993927717209e-03
-1.419193744659423828e-01
-2.765708863735198975e-01
-1.057840324938297272e-02
2.208208665251731873e-02
2.755353972315788269e-02
1.554950028657913208e-01
-1.372972428798675537e-01
-2.446059882640838623e-01
-2.185499221086502075e-01
1.539673749357461929e-02
-5.055355280637741089e-02
2.459361702203750610e-01
1.584319397807121277e-02
1.071427762508392334e-01
1.473023556172847748e-02
-4.322084411978721619e-02
-9.662032127380371094e-02
-3.460101783275604248e-02
-8.438123762607574463e-02
-1.938808560371398926e-01
-1.063734367489814758e-01
7.079651206731796265e-02
1.113963723182678223e-01
2.419586628675460815e-01
8.358475565910339355e-02
-1.530021429061889648e-02
-1.549003571271896362e-01
-8.376695215702056885e-02
-1.075478494167327881e-01
2.073428779840469360e-01
-8.904634416103363037e-02
-5.773992463946342468e-02
1.879853308200836182e-01
-7.907817140221595764e-03
-1.389324814081192017e-01
-1.720890551805496216e-01
-5.218534544110298157e-02
-7.441376149654388428e-02
1.263322830200195312e-01
2.198382280766963959e-02
-5.569612979888916016e-02
-1.305247750133275986e-02
3.552371636033058167e-03
1.426533013582229614e-01
-4.929053038358688354e-02
-7.021028548479080200e-02
-6.978451460599899292e-02
-1.832455992698669434e-01
-8.427507430315017700e-02
5.111319478601217270e-03
6.496907025575637817e-02
2.571318857371807098e-02
-5.415383353829383850e-02
-9.696722775697708130e-02
1.685844920575618744e-02
3.290491551160812378e-02
-1.419043540954589844e-01
6.293524987995624542e-03
2.048880094662308693e-03
1.871953606605529785e-01
2.567402087152004242e-03
6.519836373627185822e-03
-1.021424010396003723e-01
3.999219462275505066e-02
-8.300853520631790161e-02
3.184138238430023193e-02
-3.437729924917221069e-02
3.043334744870662689e-02
-4.301472753286361694e-02
-9.402564913034439087e-02
-5.695856362581253052e-02
-1.814967021346092224e-02
9.097503870725631714e-02
1.295773964375257492e-02
5.096865072846412659e-02
2.284413576126098633e-01
-7.750178128480911255e-02
2.888160571455955505e-02
-2.275998704135417938e-02
-2.657804824411869049e-02
-4.641787335276603699e-02
2.976705087348818779e-03
-5.027607083320617676e-02
8.762972801923751831e-02
-6.371081620454788208e-02
-9.037467092275619507e-02
-5.386653542518615723e-02
-1.693496555089950562e-01
-9.348512440919876099e-02
2.759856544435024261e-02
-2.062748968601226807e-01
-2.172398567199707031e-01
-1.070715114474296570e-02
-1.913233250379562378e-01
6.048201397061347961e-02
7.457106560468673706e-02
3.048234991729259491e-02
-6.665125489234924316e-02
5.851532146334648132e-02
-1.370073854923248291e-02
5.057174712419509888e-02
4.522398114204406738e-02
1.948788613080978394e-01
1.030968576669692993e-01
3.907054662704467773e-02
8.525952696800231934e-02
1.711107417941093445e-02
2.122914344072341919e-01
-1.169795840978622437e-01
-1.458557546138763428e-01
-4.309518262743949890e-02
1.635946929454803467e-01
5.307620391249656677e-02
3.222655877470970154e-02
-2.194270491600036621e-02
9.247185289859771729e-02
-1.287142336368560791e-01
-2.370344847440719604e-01
-3.130697458982467651e-02
1.369797736406326294e-01
7.195265591144561768e-02
1.008894015103578568e-02
4.548233002424240112e-02
-8.596233278512954712e-02
1.021816954016685486e-02
5.107822269201278687e-02
3.427123650908470154e-02
-7.755060680210590363e-03
5.139160528779029846e-02
-3.194483369588851929e-02
1.159228533506393433e-01
-6.354968249797821045e-02
9.070622175931930542e-02
1.595488786697387695e-01
4.490241035819053650e-02
-5.394645407795906067e-02
-2.081309705972671509e-01
1.788045167922973633e-01
2.758233845233917236e-01
7.753458619117736816e-02
-7.934857904911041260e-02
-1.583136618137359619e-02
7.881905138492584229e-02
-6.051550060510635376e-02
-1.747204065322875977e-01
-6.165913492441177368e-02
6.621337682008743286e-02
2.975758910179138184e-01
-1.607350707054138184e-01
9.330811351537704468e-02
-7.093068957328796387e-02
-6.684475392103195190e-02
-7.903270423412322998e-02
7.426059246063232422e-02
-5.282755009829998016e-03
2.601268887519836426e-01
9.797518700361251831e-02
-1.244156211614608765e-01
-3.246655687689781189e-02
-2.901994287967681885e-01
-6.587179005146026611e-02
-1.714024692773818970e-01
-1.227487549185752869e-01
-2.419344149529933929e-02
2.145533263683319092e-01
1.526429802179336548e-01
-2.116031572222709656e-02
-3.093107789754867554e-02
2.471172483637928963e-03
-6.750547140836715698e-02
-1.144877821207046509e-01
-1.590199023485183716e-01
-1.362267583608627319e-01
1.686898320913314819e-01
5.976759269833564758e-02
1.432593911886215210e-01
-8.531330525875091553e-02
-1.633167713880538940e-01
-1.970935612916946411e-01
8.321457356214523315e-02
-9.668276458978652954e-02
-6.574846804141998291e-02
1.191792786121368408e-01
1.014030650258064270e-01
-4.070645198225975037e-02
-1.504248473793268204e-03
-6.643050909042358398e-02
5.351624637842178345e-02
9.767592884600162506e-03
-1.510747522115707397e-01
-3.820788406301289797e-04
1.799408346414566040e-01
-1.245590671896934509e-01
3.922386839985847473e-02
-1.080555245280265808e-01
-4.782360419631004333e-02
7.311190944164991379e-03
-1.370775606483221054e-02
-9.159462898969650269e-02
-1.991205289959907532e-02
4.357252642512321472e-02
-9.602435864508152008e-03
1.735992133617401123e-01
-1.784017123281955719e-02
-4.278134927153587341e-02
-8.208939805626869202e-03
9.767055511474609375e-02
-4.533900693058967590e-02
-7.687170803546905518e-02
3.773735836148262024e-02
-1.283725649118423462e-01
9.512487798929214478e-02
-1.529910713434219360e-01
-8.957336843013763428e-02
-6.385156512260437012e-02
-3.017484769225120544e-02
-4.281454160809516907e-02
-2.833871543407440186e-01
-9.010501205921173096e-02
-1.299931406974792480e-01
-1.884938450530171394e-03
5.107381194829940796e-02
-1.861800402402877808e-01
4.140665754675865173e-02
-2.279928177595138550e-01
6.646344065666198730e-02
1.435458566993474960e-02
1.251245886087417603e-01
6.464607268571853638e-02
1.084894463419914246e-01
4.048126190900802612e-02
-1.094201505184173584e-01
-1.602365672588348389e-01
-7.619152963161468506e-02
-9.454262326471507549e-04
-1.124713942408561707e-02
8.551008999347686768e-02
1.139315962791442871e-01
-4.430609568953514099e-02
-6.674734503030776978e-02
-9.363703429698944092e-02
2.931893803179264069e-02
-1.346802860498428345e-01
2.867231518030166626e-02
-8.446278423070907593e-02
-1.260568946599960327e-01
-9.890180826187133789e-02
-4.057673737406730652e-02
2.791376225650310516e-02
-3.924862667918205261e-02
-6.467423588037490845e-02
1.089549660682678223e-01
8.589593926444649696e-04
-1.192405521869659424e-01
-4.356654360890388489e-02
7.944577932357788086e-02
-3.911546990275382996e-02
1.849859058856964111e-01
4.914562776684761047e-02
-5.008402466773986816e-02
-1.860502958297729492e-01
1.756336688995361328e-01
2.640168368816375732e-01
1.825023293495178223e-01
1.042990610003471375e-01
-4.633047804236412048e-02
2.128828465938568115e-01
1.029685884714126587e-01
4.380787163972854614e-02
-6.385359168052673340e-02
-7.941744476556777954e-02
1.401933878660202026e-01
1.043593063950538635e-01
1.216745004057884216e-01
-8.440839499235153198e-02
-1.612567901611328125e-02
-4.049136117100715637e-02
7.946398854255676270e-02
-8.495115488767623901e-02
2.897296100854873657e-02
1.752077192068099976e-01
1.286188364028930664e-01
8.713821321725845337e-02
-1.020947396755218506e-01
-4.101124405860900879e-02
-4.751680418848991394e-02
1.159534975886344910e-02
-2.519578672945499420e-02
-6.632197648286819458e-02
4.613202810287475586e-02
1.012572087347507477e-02
-4.044885188341140747e-02
1.324836909770965576e-01
1.439283788204193115e-01
1.001993194222450256e-01
3.588900864124298096e-01
3.621837496757507324e-01
6.723247468471527100e-02
5.393144860863685608e-02
1.275073289871215820e-01
1.163243576884269714e-01
-1.233510747551918030e-01
-7.945034652948379517e-02
-2.105802111327648163e-02
5.257277563214302063e-02
1.643353104591369629e-01
-9.931579232215881348e-02
-9.387274086475372314e-02
4.583374783396720886e-02
-1.218531951308250427e-01
6.548842787742614746e-02
1.745219901204109192e-02
7.336477190256118774e-02
2.263975441455841064e-01
1.492886841297149658e-01
5.863412469625473022e-02
4.840268194675445557e-02
-5.458566825836896896e-03
-9.996423497796058655e-03
-1.405656039714813232e-01
-1.042852923274040222e-01
-5.086528509855270386e-02
5.516444146633148193e-02
1.339140832424163818e-01
-2.257786244153976440e-01
-7.355868071317672729e-02
-9.662039577960968018e-02
-1.539123654365539551e-01
-1.216057762503623962e-01
2.023793011903762817e-02
3.939624503254890442e-02
1.571445912122726440e-01
-1.379218045622110367e-02
9.635043144226074219e-02
-4.056789353489875793e-02
1.038175374269485474e-01
-5.299478024244308472e-02
-3.950454667210578918e-02
1.126565188169479370e-01
6.884974241256713867e-02
1.150755137205123901e-01
-5.800959840416908264e-02
-2.241460420191287994e-02
-6.529104709625244141e-02
-6.588663160800933838e-02
1.045662909746170044e-01
4.381726309657096863e-02
9.807087481021881104e-02
-1.196748539805412292e-01
8.894442766904830933e-02
7.639305293560028076e-02
6.698048859834671021e-02
-6.691734492778778076e-02
-6.302415858954191208e-03
5.964821949601173401e-02
5.618027597665786743e-02
-5.325639620423316956e-03
-6.054276227951049805e-02
-9.419714659452438354e-02
-1.229065135121345520e-01
-5.674901604652404785e-02
-4.478330165147781372e-02
-6.886256486177444458e-02
1.366326585412025452e-02
8.869193494319915771e-02
-1.377455741167068481e-01
-4.267840832471847534e-02
-9.057915955781936646e-02
5.516288429498672485e-02
9.752669930458068848e-02
-1.304661184549331665e-01
-2.574620246887207031e-01
9.280348569154739380e-02
9.562379121780395508e-02
7.064821198582649231e-03
4.985510557889938354e-02
1.853290200233459473e-02
6.165672838687896729e-02
-8.394697308540344238e-02
2.035201713442802429e-02
8.695794641971588135e-02
1.556752175092697144e-01
1.493202298879623413e-01
2.365349419414997101e-02
3.370221704244613647e-02
-3.556773066520690918e-03
3.701858520507812500e-01
2.847293615341186523e-01
-1.099484320729970932e-02
-4.484495520591735840e-02
1.559979468584060669e-01
2.097067385911941528e-01
8.138841390609741211e-02
1.147988513112068176e-01
7.913481444120407104e-03
1.931043863296508789e-01
1.464785933494567871e-01
3.740478679537773132e-02
2.371366471052169800e-01
2.583619952201843262e-01
3.053326718509197235e-02
-6.687752902507781982e-02
3.805229905992746353e-03
6.573861837387084961e-02
5.618041008710861206e-02
8.090004324913024902e-03
2.841817736625671387e-01
-1.659067161381244659e-02
8.754941076040267944e-02
1.912565827369689941e-01
5.016814917325973511e-03
-3.927559778094291687e-02
-8.244822919368743896e-02
-2.045587897300720215e-01
5.414558947086334229e-02
1.294024884700775146e-01
-6.610400043427944183e-03
2.148912698030471802e-01
1.285555660724639893e-01
-2.491111168637871742e-03
2.114258520305156708e-02
-7.017006725072860718e-02
5.905943736433982849e-02
9.904044121503829956e-02
4.938376322388648987e-02
1.419640984386205673e-02
-7.559671252965927124e-02
2.535964548587799072e-02
1.797263175249099731e-01
1.186016947031021118e-01
5.566580686718225479e-03
-1.235072687268257141e-02
9.227948263287544250e-03
2.505572512745857239e-02
3.675572574138641357e-02
-1.162058580666780472e-02
-4.700459167361259460e-02
-4.188283905386924744e-02
-1.686254143714904785e-01
1.367539167404174805e-02
5.694423336535692215e-03
1.048869565129280090e-01
4.055135697126388550e-02
-2.463416894897818565e-04
-7.585508376359939575e-02
-1.182374581694602966e-01
1.566298454999923706e-01
-1.005006954073905945e-01
-3.113917820155620575e-02
1.629163920879364014e-01
6.374037265777587891e-02
1.044577732682228088e-01
-2.897832542657852173e-03
-1.847608238458633423e-01
9.064930677413940430e-02
5.346403270959854126e-02
9.811777621507644653e-02
1.414428055286407471e-01
-9.361749887466430664e-02
1.219298914074897766e-01
-2.699671126902103424e-02
-1.098198741674423218e-01
1.650448739528656006e-01
-1.640978604555130005e-01
3.219442069530487061e-02
-6.847568601369857788e-02
3.872184082865715027e-02
-2.022282220423221588e-02
3.938025608658790588e-02
3.582391515374183655e-02
-1.113058105111122131e-01
-1.175825893878936768e-01
-1.358246654272079468e-01
1.465340703725814819e-01
1.319074630737304688e-02
-1.377752516418695450e-02
4.693920165300369263e-02
3.948610275983810425e-02
1.654845327138900757e-01
5.803124606609344482e-02
-1.803277246654033661e-02
-6.789328902959823608e-02
-2.545706741511821747e-02
-1.821229606866836548e-01
-2.331288158893585205e-02
-8.151587098836898804e-02
-9.651126712560653687e-02
-5.583896860480308533e-02
2.094169110059738159e-01
-8.561281114816665649e-02
-8.505502343177795410e-02
5.853942409157752991e-02
-1.632774919271469116e-01
-2.897984534502029419e-02
2.125252634286880493e-01
-1.252020942047238350e-03
-8.346272259950637817e-02
-1.289239712059497833e-02
-1.615965664386749268e-01
-1.093980371952056885e-01
-1.456867088563740253e-03
-7.625546306371688843e-02
5.500971525907516479e-02
-4.453339497558772564e-04
-1.233941763639450073e-01
-1.118284314870834351e-01
9.499426931142807007e-02
-6.799766421318054199e-02
-2.086987532675266266e-02
-6.469447910785675049e-02
-1.326988041400909424e-01
4.437713325023651123e-02
5.085080862045288086e-02
-2.430142909288406372e-01
-1.659130454063415527e-01
2.092362344264984131e-01
1.276488304138183594e-01
-1.209646649658679962e-02
-6.850043684244155884e-02
-8.719243109226226807e-02
1.561025530099868774e-02
6.649983674287796021e-02
-1.121563240885734558e-01
-3.028914630413055420e-01
1.158401295542716980e-01
1.468750983476638794e-01
-2.861462906002998352e-02
5.224772170186042786e-02
-7.716180384159088135e-02
1.683174865320324898e-03
9.994121268391609192e-03
-1.250668168067932129e-01
-7.976559922099113464e-03
8.880937844514846802e-02
1.780810952186584473e-01
-1.263320893049240112e-01
1.635310500860214233e-01
-4.466745257377624512e-02
-1.182798966765403748e-01
-1.100400462746620178e-01
-2.579188644886016846e-01
-1.318204551935195923e-01
1.530883163213729858e-01
-8.369608223438262939e-02
1.080317236483097076e-02
8.889093995094299316e-02
5.947110243141651154e-03
8.428432047367095947e-02
-9.537021070718765259e-02
8.851984143257141113e-02
-8.818616718053817749e-02
1.328108012676239014e-01
7.879288494586944580e-02
-8.668982982635498047e-02
1.520773172378540039e-01
-5.341634154319763184e-03
-1.037568375468254089e-01
-5.198740586638450623e-02
-9.106859564781188965e-02
-1.484186947345733643e-01
6.638166494667530060e-03
-7.136578857898712158e-02
-8.716356754302978516e-02
1.428699940443038940e-01
-8.816567808389663696e-02
1.020123660564422607e-01
1.224799901247024536e-01
-6.751768290996551514e-02
-9.378951787948608398e-02
1.975465118885040283e-01
-1.014693453907966614e-01
1.454003304243087769e-01
-5.646175518631935120e-02
-1.302319616079330444e-01
-3.067507408559322357e-02
5.789556726813316345e-02
-9.948369115591049194e-02
-1.118395850062370300e-01
1.154504045844078064e-01
2.960647083818912506e-02
1.885091699659824371e-02
1.430378556251525879e-01
5.349914357066154480e-02
3.572800382971763611e-02
1.977415084838867188e-01
6.711526215076446533e-02
-4.229590296745300293e-02
1.518634557723999023e-01
-1.279117465019226074e-01
-8.413781970739364624e-02
-1.281203031539916992e-01
-1.666821241378784180e-01
-8.681113272905349731e-02
6.124041974544525146e-02
5.752569437026977539e-02
1.000723764300346375e-01
1.169916242361068726e-01
4.594470188021659851e-02
1.092364415526390076e-01
4.290837794542312622e-02
4.550507292151451111e-02
-2.466833032667636871e-02
-5.160087719559669495e-03
5.951492488384246826e-02
-1.263477504253387451e-01
-5.216694623231887817e-02
2.779377251863479614e-02
-2.154884114861488342e-02
-2.996865287423133850e-02
-7.800622284412384033e-02
2.654881402850151062e-02
8.340919017791748047e-02
-2.520533651113510132e-02
-9.302346035838127136e-03
-1.402578800916671753e-01
-2.521919012069702148e-01
-2.196101099252700806e-01
-7.603819668292999268e-02
1.684276014566421509e-02
7.227633893489837646e-02
-1.179148480296134949e-01
-6.082249060273170471e-02
1.178487017750740051e-02
1.914611607789993286e-01
1.846956610679626465e-01
-1.942237955518066883e-03
-5.154924094676971436e-02
8.497841656208038330e-02
2.110048830509185791e-01
-4.233254585415124893e-03
-4.678638279438018799e-02
4.057997837662696838e-02
1.823297291994094849e-01
1.205059736967086792e-01
5.040799826383590698e-02
2.138188108801841736e-02
-1.351667195558547974e-01
-8.632118254899978638e-02
-5.803115665912628174e-02
-2.927896007895469666e-02
-1.027840375900268555e-01
-1.702961176633834839e-01
-6.425767391920089722e-02
2.289645932614803314e-02
9.180452907457947731e-04
-1.351625621318817139e-01
-1.181860640645027161e-01
4.395923018455505371e-02
-2.518534660339355469e-02
-2.526605427265167236e-01
-3.054261580109596252e-02
-7.483848929405212402e-02
-1.893301680684089661e-02
1.155919302254915237e-02
6.668271869421005249e-02
2.015498727560043335e-01
1.748551279306411743e-01
4.212830588221549988e-02
-1.997292786836624146e-02
2.041334211826324463e-01
-7.644820213317871094e-02
4.234204813838005066e-02
-1.154510490596294403e-02
3.255964443087577820e-02
8.122169971466064453e-02
-6.778728216886520386e-02
1.026802435517311096e-01
-7.096416503190994263e-02
-1.892226934432983398e-01
7.721275091171264648e-02
1.206857338547706604e-01
1.896083056926727295e-01
-1.762730926275253296e-01
-1.405228078365325928e-01
-4.780737310647964478e-02
-1.113842725753784180e-01
-1.083898991346359253e-01
-3.275794535875320435e-02
-2.690459974110126495e-02
2.389472164213657379e-02
-9.195578843355178833e-02
-1.836578994989395142e-01
-5.344190448522567749e-02
-1.310503017157316208e-02
4.808531701564788818e-02
-1.141548305749893188e-01
-7.161094248294830322e-02
-1.056192368268966675e-01
-1.805048137903213501e-01
-7.718919217586517334e-02
6.347114592790603638e-02
1.249372288584709167e-01
-1.156376674771308899e-01
4.258785769343376160e-02
-1.649144291877746582e-01
-4.157490655779838562e-02
-1.720472238957881927e-02
9.001488238573074341e-02
-3.661781549453735352e-02
-6.121176108717918396e-02
-8.292299509048461914e-02
2.157200500369071960e-02
1.362318545579910278e-01
-5.205778405070304871e-02
3.634473681449890137e-02
4.268940910696983337e-02
-1.965047866106033325e-01
-1.188571602106094360e-01
-1.456230133771896362e-01
-5.186918377876281738e-02
-1.983802393078804016e-02
8.151628822088241577e-02
-7.725887745618820190e-02
-4.380808398127555847e-02
6.675202166661620140e-04
-4.495740681886672974e-02
-1.772164553403854370e-02
7.135618943721055984e-03
-7.203863561153411865e-02
-5.122833326458930969e-02
1.282551586627960205e-01
-6.029038876295089722e-02
1.330350786447525024e-01
-6.683317013084888458e-03
4.220587015151977539e-02
-6.958637852221727371e-03
-2.503496222198009491e-02
-1.288460046052932739e-01
4.132705926895141602e-02
1.375493109226226807e-01
-9.959343820810317993e-03
-5.955886468291282654e-02
-4.362985491752624512e-02
-2.537694759666919708e-02
7.074754685163497925e-03
-5.391484126448631287e-02
-1.170558482408523560e-01
9.171217679977416992e-02
4.937474057078361511e-02
-1.151654943823814392e-01
1.758041828870773315e-01
-3.179032728075981140e-02
-1.320012211799621582e-01
1.037465855479240417e-01
8.856710046529769897e-02
-1.493609696626663208e-02
-4.378209356218576431e-03
4.561252519488334656e-02
8.125684224069118500e-03
9.122169762849807739e-02
-1.654115319252014160e-01
-7.398114353418350220e-02
3.842958807945251465e-02
7.610528916120529175e-02
-1.118077710270881653e-01
-5.498609319329261780e-02
-3.805170208215713501e-02
-1.141074746847152710e-01
-1.251209229230880737e-01
-8.866070210933685303e-02
-5.991797894239425659e-02
6.923977285623550415e-02
-9.905740618705749512e-02
4.616045951843261719e-02
3.261871635913848877e-02
-3.013233840465545654e-02
8.290328085422515869e-02
2.361597716808319092e-01
2.204779684543609619e-01
-9.392835199832916260e-02
1.097691357135772705e-01
3.965597227215766907e-02
8.350458741188049316e-02
1.163705810904502869e-01
9.865699335932731628e-03
-1.269211340695619583e-02
1.585202962160110474e-01
-2.753574866801500320e-03
-2.430532313883304596e-02
-4.719993472099304199e-02
-1.017160564661026001e-01
-6.803388893604278564e-02
-3.173590078949928284e-02
4.880193993449211121e-02
3.717960417270660400e-02
-3.760915249586105347e-02
2.004838548600673676e-02
-9.658152610063552856e-02
-2.618118375539779663e-02
-1.732710003852844238e-01
-7.453502714633941650e-02
-1.311973333358764648e-01
-6.923411041498184204e-02
1.619585007429122925e-01
2.367285490036010742e-01
1.307433750480413437e-02
-2.150935977697372437e-01
5.727676302194595337e-02
6.921622902154922485e-02
1.904335021972656250e-01
2.135869562625885010e-01
1.511333137750625610e-01
-1.218660734593868256e-02
6.321226060390472412e-02
-1.911159008741378784e-01
-4.875921085476875305e-02
1.106303632259368896e-01
6.977167725563049316e-02
6.629580259323120117e-02
-2.298111841082572937e-02
-1.397378090769052505e-02
-5.981920659542083740e-02
-8.685369789600372314e-02
-6.666009128093719482e-02
2.087908983230590820e-02
1.709953099489212036e-01
-4.053188115358352661e-02
1.246004924178123474e-01
-1.882059872150421143e-02
1.245097070932388306e-01
-1.615157127380371094e-01
1.469228863716125488e-01
-3.095629625022411346e-02
-6.755336374044418335e-02
-1.311557926237583160e-02
-1.677560061216354370e-01
1.246608495712280273e-01
-1.037776470184326172e-02
5.403046961873769760e-03
-2.105229496955871582e-01
-2.015119791030883789e-01
-1.395545601844787598e-01
6.418870389461517334e-02
8.158538490533828735e-02
2.153827100992202759e-01
1.712746769189834595e-01
-1.007782593369483948e-01
7.067970186471939087e-02
7.631227374076843262e-02
5.190622527152299881e-03
2.175049670040607452e-02
-1.436247229576110840e-01
4.316912218928337097e-02
1.249201595783233643e-01
3.369871526956558228e-02
-1.436555199325084686e-02
-3.662480786442756653e-02
2.848662808537483215e-02
-7.267116010189056396e-02
-1.736342608928680420e-01
1.292520612478256226e-01
-6.476940959692001343e-02
4.647668078541755676e-02
1.126211881637573242e-01
-2.473592758178710938e-01
-1.374662071466445923e-01
1.461792737245559692e-01
-2.455964498221874237e-02
-4.924922063946723938e-02
1.162442564964294434e-01
-2.633341774344444275e-02
-3.814879432320594788e-02
-5.073427408933639526e-02
-1.623326241970062256e-01
-3.226397186517715454e-02
9.915526211261749268e-02
1.009250730276107788e-01
2.323341369628906250e-02
9.709005802869796753e-02
2.471295930445194244e-02
3.813197836279869080e-02
6.760713458061218262e-02
-1.923400908708572388e-03
1.518796570599079132e-02
-4.967983346432447433e-03
-2.446470782160758972e-02
5.558964237570762634e-02
-5.398773122578859329e-03
-1.039615571498870850e-01
-1.059149671345949173e-02
1.457677129656076431e-02
-5.775202997028827667e-03
1.018110811710357666e-01
1.017019152641296387e-02
-2.655036374926567078e-02
-2.106459625065326691e-02
1.439998149871826172e-01
9.962312877178192139e-02
9.923823177814483643e-02
1.544155627489089966e-01
-1.372822672128677368e-01
1.009198725223541260e-01
-4.174721240997314453e-02
-5.466927587985992432e-02
-7.849080860614776611e-02
3.917899355292320251e-02
-9.498912096023559570e-02
4.800884984433650970e-03
4.590507969260215759e-02
-1.038172990083694458e-01
-6.488478393293917179e-04
-9.932930767536163330e-02
-1.136930435895919800e-01
-5.790853500366210938e-02
1.218499317765235901e-01
-5.089384317398071289e-02
-1.153010278940200806e-01
2.349419705569744110e-02
1.213410869240760803e-01
2.312007844448089600e-01
-2.403537929058074951e-02
-1.087333783507347107e-01
2.070506066083908081e-01
1.381293535232543945e-01
-2.054052986204624176e-02
-1.120468229055404663e-01
-2.429781109094619751e-02
6.947548687458038330e-02
7.620552182197570801e-02
-5.528327822685241699e-02
-1.017928346991539001e-01
1.197014600038528442e-01
3.093062341213226318e-01
2.966614440083503723e-02
-9.265293180942535400e-02
1.242469027638435364e-01
2.201844453811645508e-01
1.295455843210220337e-01
-3.428842499852180481e-02
-3.681351616978645325e-02
2.307885885238647461e-01
2.308793216943740845e-01
4.360970575362443924e-03
-4.720817878842353821e-02
1.749340295791625977e-01
-5.767608433961868286e-02
-3.523709252476692200e-02
-6.365720927715301514e-02
-1.653793454170227051e-01
1.590611785650253296e-01
5.720191448926925659e-02
9.095880202949047089e-03
-4.894381761550903320e-02
8.469668030738830566e-02
2.172124013304710388e-02
1.008630916476249695e-01
-3.804708272218704224e-02
-3.383529931306838989e-02
-7.315908093005418777e-03
1.733205914497375488e-01
8.652471750974655151e-02
9.611410647630691528e-02
6.431286782026290894e-02
9.688016772270202637e-02
1.452478617429733276e-01
-5.539718270301818848e-02
-1.540302634239196777e-01
2.378532104194164276e-02
1.889763176441192627e-01
8.110430836677551270e-02
5.378782376646995544e-02
2.528357803821563721e-01
2.719096466898918152e-02
1.013980358839035034e-01
9.147037565708160400e-02
-3.105533309280872345e-02
1.432085782289505005e-01
5.926455184817314148e-02
9.741926938295364380e-02
1.224366053938865662e-01
-1.027220021933317184e-02
3.390078619122505188e-02
1.545092761516571045e-01
-6.329091847874224186e-04
-1.074302867054939270e-01
1.233522966504096985e-01
1.496901661157608032e-01
1.275370121002197266e-01
9.840007871389389038e-02
1.560815423727035522e-01
-1.020620390772819519e-01
1.178418993949890137e-01
1.644289121031761169e-02
-2.301924675703048706e-01
9.847839921712875366e-02
4.766260460019111633e-02
3.135518729686737061e-02
4.307869449257850647e-02
-1.509674172848463058e-02
2.523506991565227509e-02
-3.296209732070565224e-03
6.889494508504867554e-02
-1.249997541308403015e-01
8.671308308839797974e-02
3.851148113608360291e-02
-3.360196202993392944e-02
-1.004213839769363403e-02
-8.131807297468185425e-02
-1.412043124437332153e-01
1.429468542337417603e-01
-3.627881035208702087e-02
-2.154294997453689575e-01
3.414821997284889221e-02
2.475148141384124756e-01
3.955329954624176025e-02
1.580572873353958130e-01
1.456276606768369675e-02
8.410155028104782104e-02
1.231879070401191711e-01
-2.464543841779232025e-02
-4.556947574019432068e-02
2.399427741765975952e-01
-1.550076603889465332e-01
-1.488927602767944336e-01
-6.124628335237503052e-02
-7.079201936721801758e-02
5.225518718361854553e-02
3.187832981348037720e-02
1.368256565183401108e-02
4.809573665261268616e-02
-3.972228150814771652e-03
4.405599087476730347e-02
9.688927233219146729e-02
4.891688376665115356e-02
1.399482935667037964e-01
-2.714812941849231720e-02
-5.371972545981407166e-02
-6.717146188020706177e-02
1.424060389399528503e-02
7.034571468830108643e-02
-1.450431495904922485e-01
-2.190629243850708008e-01
-1.598131097853183746e-02
-4.616968333721160889e-02
3.689413517713546753e-02
-6.247168779373168945e-02
-7.487661391496658325e-02
-1.229066867381334305e-03
5.805290862917900085e-02
-1.469763070344924927e-01
-1.316467672586441040e-01
-2.044382393360137939e-01
1.965858042240142822e-03
1.592746376991271973e-01
-1.017108336091041565e-01
-9.429988567717373371e-04
-3.043830022215843201e-02
4.309118539094924927e-02
-1.005741860717535019e-02
3.600988686084747314e-01
1.757102012634277344e-01
6.281958520412445068e-02
-2.701101265847682953e-02
-4.038140550255775452e-02
-9.118999354541301727e-03
4.048753995448350906e-03
-6.409977376461029053e-02
-3.221989423036575317e-02
1.674835085868835449e-01
1.047455593943595886e-01
-3.583926707506179810e-02
-2.032464146614074707e-01
-3.014672696590423584e-01
-4.495433717966079712e-02
1.454858630895614624e-01
-2.762465178966522217e-01
-1.024139225482940674e-01
2.987782284617424011e-02
9.081942029297351837e-03
3.786895424127578735e-02
9.138324111700057983e-02
5.513437464833259583e-02
1.513799130916595459e-01
-2.333243936300277710e-02
-2.459985017776489258e-02
-9.294351190328598022e-02
-6.317812949419021606e-02
-1.026556119322776794e-01
-4.916106909513473511e-02
3.613543882966041565e-02
-3.475834429264068604e-01
-6.818489730358123779e-02
-8.648665994405746460e-02
2.250212058424949646e-02
-1.476154476404190063e-01
1.323931068181991577e-01
4.057857766747474670e-02
1.782391071319580078e-01
1.592445075511932373e-01
2.383435331284999847e-02
5.854580923914909363e-02
2.376817762851715088e-01
-1.270010322332382202e-01
-1.334325373172760010e-01
-8.894174546003341675e-02
-7.644491642713546753e-02
3.840879350900650024e-02
1.827766560018062592e-02
1.497210115194320679e-01
1.556331291794776917e-02
1.274960339069366455e-01
-1.026320233941078186e-01
-1.799040660262107849e-02
-1.579348556697368622e-02
-2.249404788017272949e-02
7.899536192417144775e-02
1.018466949462890625e-01
2.753567323088645935e-02
-6.381640583276748657e-02
-4.055136069655418396e-02
9.565380169078707695e-04
-1.395655870437622070e-01
-2.001119107007980347e-01
-1.164939031004905701e-01
-2.331904252059757710e-04
-5.244861822575330734e-04
1.181227266788482666e-01
-7.142011076211929321e-02
-8.397347480058670044e-02
-1.897146403789520264e-01
6.644335389137268066e-02
2.550092935562133789e-01
4.398023709654808044e-02
-3.695654496550559998e-02
-6.195845454931259155e-02
1.517046689987182617e-01
2.327841147780418396e-02
-8.300320804119110107e-02
5.102836713194847107e-02
-2.357651712372899055e-03
6.430102884769439697e-02
-1.736699789762496948e-01
-1.058435142040252686e-01
-1.085769683122634888e-01
3.185772895812988281e-02
-3.330280631780624390e-02
-2.682331483811140060e-03
-7.365205883979797363e-02
6.328098475933074951e-02
1.375038027763366699e-01
-5.917677283287048340e-02
1.912398450076580048e-02
-1.104332730174064636e-01
2.446261197328567505e-01
4.395413771271705627e-02
9.053695946931838989e-02
3.200141340494155884e-02
-6.134482473134994507e-02
-1.664553885348141193e-03
-1.884903609752655029e-01
-1.653028465807437897e-02
-2.650477923452854156e-02
1.093970686197280884e-01
8.763553574681282043e-03
1.423114538192749023e-01
-1.027531325817108154e-01
2.072395943105220795e-02
1.359013766050338745e-01
1.474939659237861633e-02
9.197615832090377808e-02
-6.249831244349479675e-02
1.115468516945838928e-01
1.473555117845535278e-01
1.811784505844116211e-01
1.906940788030624390e-01
3.494331613183021545e-03
6.373666226863861084e-02
5.402751266956329346e-03
-1.044914824888110161e-03
-8.500578254461288452e-02
-1.908719390630722046e-01
-2.050733417272567749e-01
-8.587528020143508911e-02
9.337487816810607910e-02
2.018865197896957397e-02
-1.044881995767354965e-02
-3.928073868155479431e-02
1.159191355109214783e-01
-6.363388895988464355e-02
1.137549579143524170e-01
-2.560637891292572021e-02
1.325579732656478882e-01
3.504708409309387207e-02
1.144926249980926514e-02
4.474942758679389954e-02
2.330349013209342957e-02
3.949668630957603455e-02
2.727264910936355591e-02
-8.700828254222869873e-02
-1.462644785642623901e-01
-1.663744002580642700e-01
-1.470810472965240479e-01
1.257811021059751511e-02
5.693931132555007935e-02
5.251110345125198364e-02
-6.207070127129554749e-02
-1.397884339094161987e-01
-1.974722743034362793e-01
-4.239480197429656982e-02
-1.295098364353179932e-01
1.741753816604614258e-01
-1.385760406265035272e-04
1.538122072815895081e-02
8.078520745038986206e-02
6.927880644798278809e-02
1.031509786844253540e-01
1.806527674198150635e-01
7.726681977510452271e-02
-8.639580011367797852e-02
-5.429626628756523132e-02
-1.613865196704864502e-01
7.294008135795593262e-02
3.137974813580513000e-02
4.475032538175582886e-02
4.438941925764083862e-02
-9.853704832494258881e-03
6.732515990734100342e-02
-8.377144485712051392e-02
-2.493135035037994385e-01
-3.904620185494422913e-02
1.225177794694900513e-01
-9.233818389475345612e-03
1.230449974536895752e-01
8.601764589548110962e-02
1.066085696220397949e-01
-4.622602090239524841e-02
6.134801544249057770e-03
-3.427749872207641602e-02
-2.417765930294990540e-02
5.421422421932220459e-02
-1.745353266596794128e-02
-6.005073711276054382e-02
3.058177977800369263e-02
3.351990282535552979e-01
3.715261071920394897e-02
-6.587962061166763306e-02
-1.146780792623758316e-02
5.823261290788650513e-02
1.455864459276199341e-01
3.039983473718166351e-02
2.581833675503730774e-02
-2.479027211666107178e-02
1.470554322004318237e-01
-1.014648843556642532e-02
3.399638831615447998e-02
-3.955020010471343994e-02
-7.327456772327423096e-02
-1.085733994841575623e-02
-1.680795550346374512e-01
-8.819904178380966187e-02
-1.024364307522773743e-01
-1.133950799703598022e-02
-7.834692299365997314e-02
4.114313423633575439e-02
-1.185332238674163818e-01
-7.051231712102890015e-02
-7.929561287164688110e-02
-1.789647787809371948e-01
-6.107361987233161926e-02
1.138770356774330139e-01
-4.571295157074928284e-02
-1.437415927648544312e-01
1.387819200754165649e-01
2.001768648624420166e-01
-2.874086424708366394e-02
1.719371825456619263e-01
1.685092225670814514e-02
1.518942881375551224e-02
-1.946144849061965942e-01
9.056407958269119263e-02
-7.827804656699299812e-04
-1.015529260039329529e-01
-2.297807037830352783e-01
-6.555999070405960083e-02
8.061388880014419556e-02
4.918202757835388184e-02
-7.569499313831329346e-02
1.274594366550445557e-01
5.554085969924926758e-02
-9.564337134361267090e-02
-1.199092194437980652e-01
-1.035513803362846375e-01
-1.607748121023178101e-01
-4.344714432954788208e-02
-1.654854118824005127e-01
-1.291398704051971436e-01
2.332695201039314270e-02
5.151384696364402771e-02
-1.291327457875013351e-02
5.319207906723022461e-02
-6.594777107238769531e-02
-2.466666139662265778e-02
5.715038161724805832e-03
-1.694817394018173218e-01
-1.196334958076477051e-01
-3.629375621676445007e-02
-4.813116416335105896e-02
4.870982095599174500e-02
-1.479635573923587799e-02
-1.405510026961565018e-02
-1.016428992152214050e-01
1.448346953839063644e-02
-1.182273589074611664e-02
-3.543502464890480042e-02
6.169074028730392456e-02
1.472173482179641724e-01
-1.334789991378784180e-01
3.738499805331230164e-02
-1.637957245111465454e-02
-6.104015931487083435e-02
-1.841927506029605865e-02
-2.978235948830842972e-03
-1.836987398564815521e-02
-2.265661396086215973e-02
6.959206610918045044e-02
-9.292009472846984863e-02
3.275600448250770569e-02
-1.166022866964340210e-01
-1.112521365284919739e-01
-5.213886126875877380e-02
-1.761098392307758331e-02
-2.218329608440399170e-01
-9.546967595815658569e-02
6.634679436683654785e-02
-4.996284376829862595e-03
-1.729729585349559784e-02
-2.800752967596054077e-02
-9.818718582391738892e-02
-8.703690767288208008e-02
1.123749911785125732e-01
1.123859733343124390e-02
-9.240246564149856567e-02
-1.379982680082321167e-01
-5.082790553569793701e-02
-1.417594701051712036e-01
-9.461918473243713379e-02
1.026122868061065674e-01
1.514138132333755493e-01
4.804775491356849670e-02
1.753596067428588867e-01
4.485469311475753784e-02
8.813526481389999390e-02
-3.251791745424270630e-02
4.745266214013099670e-02
-7.038447260856628418e-02
9.588602185249328613e-02
1.151740550994873047e-01
-1.022145822644233704e-01
-2.345504611730575562e-02
2.859918400645256042e-02
1.134863048791885376e-01
-4.553918913006782532e-02
-1.914570480585098267e-02
-5.380006507039070129e-02
-5.437231808900833130e-02
-6.544273346662521362e-02
-7.056830823421478271e-02
1.088636890053749084e-01
3.153119236230850220e-02
1.132620498538017273e-01
1.215842179954051971e-02
-4.783670231699943542e-02
-7.021941244602203369e-02
-7.427961379289627075e-02
8.766555786132812500e-02
-6.753636151552200317e-02
-1.557092666625976562e-01
5.208243057131767273e-02
1.449747532606124878e-01
-1.892730779945850372e-02
-9.355028718709945679e-02
-1.233854070305824280e-01
2.111362218856811523e-01
-1.599181592464447021e-01
-2.560631334781646729e-01
1.132007390260696411e-01
-1.734109595417976379e-03
1.185193955898284912e-01
1.959087103605270386e-01
6.263016164302825928e-02
-1.587454695254564285e-03
1.114946380257606506e-01
-8.922065049409866333e-02
-2.660897970199584961e-01
-1.962557248771190643e-02
-2.278749085962772369e-02
-1.313321944326162338e-02
1.423420608043670654e-01
-1.517629325389862061e-01
-5.980466678738594055e-02
-2.983649726957082748e-03
1.574789173901081085e-02
-8.723857998847961426e-02
1.108212117105722427e-02
5.669376254081726074e-02
-4.616328328847885132e-02
1.857851049862802029e-03
-6.303131580352783203e-02
-1.111249178647994995e-01
-7.311917841434478760e-02
-2.866778150200843811e-02
-1.868122518062591553e-01
-3.748877719044685364e-02
1.232028603553771973e-01
-4.358229786157608032e-02
7.516191806644201279e-03
-1.684868149459362030e-02
-2.187697738409042358e-01
7.634589076042175293e-02
-4.700753837823867798e-02
-1.527478545904159546e-02
5.901742260903120041e-04
-1.044905185699462891e-01
2.535818703472614288e-02
-4.291557893157005310e-02
-1.216379851102828979e-01
7.822741754353046417e-03
9.540005028247833252e-02
-1.684552580118179321e-01
-1.148432716727256775e-01
-8.397426456212997437e-02
-9.582875669002532959e-02
3.423045575618743896e-02
-1.605455130338668823e-01
-1.510095894336700439e-01
7.843767106533050537e-02
6.272300332784652710e-02
1.086664199829101562e-01
-1.225635260343551636e-01
-8.845770359039306641e-02
-3.968812152743339539e-02
8.125007152557373047e-02
6.128175184130668640e-02
1.971945166587829590e-01
1.439076662063598633e-02
5.160472169518470764e-02
-1.096926555037498474e-01
-2.202347069978713989e-01
1.302440315485000610e-01
-2.348080426454544067e-01
7.217154488898813725e-04
-3.355498984456062317e-02
5.937823280692100525e-02
8.219916373491287231e-02
-3.014232082217699560e+00
